446.9493 
506.8297 
450.1310 
511.5023 
675.5180 
554.5438 
474.6094 
526.8839 
501.7698 
439.6658 
634.8016 
442.8782 
507.4014 
695.7677 
416.1417 
477.3258 
636.3390 
470.2165 
500.5052 
598.0721 
465.6281 
436.9119 
614.1954 
500.3547 
470.2063 
520.5868 
487.5647 
483.8183 
617.5169 
452.7810 
511.7785 
652.6242 
527.4601 
423.9195 
592.8261 
454.4483 
409.4659 
648.7927 
484.4096 
452.1904 
667.4487 
462.9663 
500.1326 
570.3937 
494.9289 
444.3124 
609.8439 
460.0156 
486.1054 
529.1902 
515.8041 
471.1454 
500.2426 
469.5538 
502.1919 
597.9636 
448.7303 
499.8881 
612.9429 
485.5223 
502.8988 
560.9987 
462.2831 
445.8484 
544.9348 
494.2823 
507.5049 
638.6606 
426.5194 
489.9255 
620.8345 
427.8673 
476.5545 
602.6655 
482.8549 
486.2183 
636.2895 
497.1015 
425.2903 
472.3104 
472.7909 
466.2497 
633.3092 
520.3110 
417.5184 
516.3017 
516.1368 
510.2925 
594.3190 
452.9664 
472.8139 
520.4801 
481.1570 
462.1617 
669.6326 
399.4276 
474.6165 
630.7374 
495.1050 
510.3744 
672.6040 
465.4741 
541.2435 
656.5539 
516.0507 
566.1967 
614.0276 
513.7601 
482.5849 
551.3485 
463.5372 
465.9269 
567.2676 
423.5316 
523.6487 
564.3075 
517.1829 
606.5325 
643.4110 
503.2271 
456.6151 
651.2440 
473.4379 
475.4200 
583.7928 
495.0707 
436.4070 
568.0854 
443.6550 
470.2285 
490.1316 
483.2902 
460.7564 
719.4619 
434.5113 
549.0800 
700.1678 
532.5617 
532.7232 
511.9609 
483.3215 
478.4092 
575.7882 
407.4440 
436.9421 
608.6911 
620.7046 
485.5004 
510.4955 
530.8703 
444.2076 
591.7702 
550.1035 
479.3695 
624.3194 
451.2336 
488.2942 
652.2443 
481.0683 
450.0359 
602.5363 
455.6888 
423.5708 
668.6090 
404.6329 
507.4791 
567.9950 
528.8653 
434.1201 
623.4608 
479.8190 
457.0093 
686.0987 
536.9428 
451.4367 
588.5517 
467.4177 
471.4106 
599.9926 
498.1562 
480.4814 
643.0523 
535.5776 
455.7506 
634.6246 
485.6974 
484.3417 
579.3427 
538.5457 
430.7046 
584.9059 
445.0218 
464.0287 
594.7963 
461.2743 
483.4462 
615.4073 
480.8076 
464.8315 
553.0545 
366.3814 
419.7381 
618.4868 
443.9168 
514.5539 
612.6727 
497.7886 
522.6813 
480.5233 
435.4001 
401.0369 
615.1464 
487.0477 
449.9093 
592.5652 
435.5457 
434.1230 
525.1212 
456.3148 
506.4034 
669.2865 
440.8457 
462.4882 
523.3576 
474.1956 
484.0265 
564.7611 
456.4934 
532.7110 
535.4849 
412.2068 
501.3504 
447.4763 
488.3432 
484.3957 
655.8413 
453.6001 
466.8571 
559.0179 
432.4401 
521.7182 
469.4428 
451.4071 
527.2627 
622.9702 
411.5595 
468.1804 
516.0262 
442.2440 
407.2435 
434.1706 
434.1778 
453.4947 
617.3577 
495.8603 
496.6782 
475.7768 
465.3755 
515.5278 
496.6046 
585.1891 
542.9981 
616.2591 
426.0583 
443.5736 
480.8088 
491.1716 
583.6694 
547.8788 
485.1752 
519.0159 
672.0812 
522.0427 
468.0652 
648.2841 
360.0464 
435.9845 
562.3190 
453.5029 
518.3563 
581.7898 
474.2735 
476.6757 
622.4743 
510.2350 
454.0541 
674.1499 
427.2370 
530.1128 
578.8207 
485.9371 
433.3010 
620.5322 
486.0944 
554.6865 
666.5076 
422.9232 
512.6986 
657.6794 
486.2322 
457.3155 
552.2791 
469.0604 
494.8722 
474.2250 
516.8090 
541.7469 
672.4724 
491.4260 
497.0109 
501.1080 
532.7603 
512.2623 
636.8710 
446.3851 
493.6266 
632.3762 
424.6749 
390.1332 
546.0742 
471.6905 
516.4605 
605.9748 
493.2331 
496.2551 
589.9800 
443.9712 
464.8614 
546.1251 
406.7248 
448.3175 
618.5700 
445.7603 
503.4357 
680.8645 
453.5454 
470.3457 
627.3885 
437.7996 
491.0547 
600.3263 
412.1912 
331.6966 
596.2594 
459.2887 
514.0793 
648.5414 
498.4296 
520.9097 
501.7566 
481.1590 
420.3559 
577.5769 
507.3702 
501.2963 
663.1074 
424.0270 
459.8221 
648.3689 
448.2565 
489.7045 
632.0168 
412.5772 
432.9855 
510.4781 
484.5041 
470.4365 
717.4443 
437.6427 
432.4086 
586.7061 
485.7065 
460.4876 
430.3007 
509.8714 
529.4435 
616.2699 
450.5829 
438.6177 
604.2839 
426.9316 
470.4846 
495.8729 
504.6558 
383.5739 
408.2984 
456.3931 
517.1038 
652.1302 
529.7342 
445.8911 
630.5186 
487.3333 
462.1441 
555.4163 
498.0017 
460.5039 
616.0489 
534.0021 
516.9626 
616.1220 
442.6653 
522.5124 
675.2432 
454.3704 
502.5447 
651.6538 
430.6494 
428.0714 
604.3025 
436.4702 
488.2869 
583.1093 
532.5275 
441.0777 
582.3360 
462.6983 
459.7103 
593.8826 
425.0446 
465.7437 
603.7767 
537.6038 
512.2290 
560.4385 
542.6427 
458.7193 
562.5875 
463.2066 
475.2364 
542.3220 
416.7295 
448.6205 
494.1889 
483.0977 
517.2207 
625.1323 
494.4801 
449.8023 
600.3162 
495.8251 
496.1009 
522.2991 
488.5092 
476.8678 
607.5005 
498.1372 
390.4179 
557.8898 
510.7916 
432.9151 
521.8537 
480.5491 
412.6582 
588.6600 
506.4323 
417.6520 
664.7700 
367.7549 
539.0110 
644.7231 
504.7538 
463.1062 
500.8198 
490.4745 
422.3291 
534.5449 
524.5235 
377.3986 
576.1610 
512.9653 
486.8245 
573.6149 
581.8811 
486.0969 
606.7630 
495.3237 
426.1379 
725.4742 
538.3887 
475.9723 
678.3601 
461.3027 
466.5399 
503.4159 
549.1174 
469.9166 
652.8053 
496.8856 
459.2452 
660.2200 
522.8075 
424.9146 
563.7351 
473.0451 
449.4824 
548.5649 
480.0555 
506.0433 
606.6180 
469.9779 
484.4173 
594.5769 
489.8654 
485.4674 
605.6909 
415.2948 
433.7374 
616.2974 
475.6187 
517.8262 
590.3931 
520.7260 
543.6378 
588.4815 
512.6655 
471.1274 
511.0466 
500.8764 
502.7213 
525.3865 
470.6727 
464.9340 
528.6884 
411.8630 
492.4249 
615.9216 
583.3611 
469.5018 
573.4405 
489.4219 
435.9789 
609.2972 
503.7959 
424.8939 
608.9796 
472.3282 
448.3284 
497.5064 
428.0400 
449.0421 
528.2638 
503.5591 
467.6155 
630.1178 
480.6087 
416.6647 
516.7645 
472.4668 
490.6657 
631.8234 
492.4271 
526.0380 
564.8657 
509.7582 
470.7672 
650.3013 
447.3843 
421.6309 
544.7522 
430.3020 
416.4774 
460.3289 
527.6144 
483.8134 
603.0663 
446.5112 
414.9472 
593.1768 
541.3293 
496.8167 
577.3965 
499.7593 
494.1137 
653.8740 
474.0092 
464.8293 
691.9501 
485.5457 
443.3555 
604.9295 
529.2263 
487.2244 
546.9114 
493.1305 
498.7358 
571.0726 
485.0377 
488.1030 
547.2250 
533.2559 
549.9443 
623.1894 
451.9933 
528.2724 
616.0453 
461.9343 
510.2808 
638.0135 
548.9293 
452.6679 
499.9913 
425.6679 
416.7892 
560.2199 
490.4439 
545.9846 
637.7020 
454.1419 
513.4420 
670.3798 
479.6080 
483.6642 
592.1395 
570.2362 
477.1553 
629.3279 
457.9928 
468.6041 
527.9905 
484.1997 
495.8567 
633.5993 
481.1675 
501.5965 
558.5063 
511.0824 
523.1103 
619.9729 
403.1682 
436.0153 
692.1022 
426.1619 
456.4517 
616.7957 
427.5830 
407.8162 
594.7215 
426.4774 
454.6771 
481.6895 
437.5810 
429.0067 
564.7945 
387.4997 
428.6628 
586.4298 
476.5798 
496.5098 
669.7991 
389.7668 
493.8590 
601.3293 
384.5028 
437.6501 
637.3536 
415.5649 
510.9754 
611.6460 
493.6134 
520.6860 
596.7491 
491.6750 
443.8282 
605.6138 
488.0369 
429.9333 
655.0791 
435.2590 
490.4957 
737.1719 
478.9801 
496.2320 
562.7694 
460.8004 
450.0771 
662.6689 
565.6623 
408.0918 
529.3743 
478.5080 
443.8791 
562.1617 
519.0806 
526.9778 
664.1343 
418.3586 
502.3095 
594.7845 
474.7749 
424.9797 
536.4783 
495.1027 
482.3500 
487.5384 
477.4895 
442.8123 
627.6070 
526.3419 
492.8874 
524.8958 
498.9432 
571.2825 
550.7066 
458.0577 
475.6602 
553.0517 
437.5428 
444.7302 
517.7977 
456.3548 
452.8379 
640.7435 
465.5296 
459.4185 
579.8065 
415.9207 
520.8974 
702.7039 
493.6988 
492.2900 
529.3225 
444.5977 
519.4663 
669.6476 
454.4196 
445.8429 
551.0708 
520.5322 
494.9779 
574.1691 
403.9227 
437.7821 
673.7033 
535.6314 
420.9727 
674.3601 
436.8533 
429.5815 
568.3095 
448.0906 
519.3209 
624.4429 
448.9950 
489.3903 
673.9968 
510.3790 
470.2283 
597.4197 
447.5767 
496.2386 
669.0348 
460.7058 
484.9412 
537.4711 
465.5534 
490.4084 
681.6342 
487.9237 
482.5685 
683.8277 
488.2202 
478.7739 
446.4447 
451.9004 
470.9448 
597.5211 
433.3899 
414.3756 
618.3849 
419.3312 
462.7567 
578.1180 
542.6007 
398.4361 
517.8273 
386.2854 
473.9096 
519.8228 
527.5971 
497.5308 
554.8188 
464.0365 
481.4097 
448.0470 
447.4305 
502.4760 
603.8857 
506.8619 
457.1335 
589.6684 
531.0088 
487.8127 
511.8272 
554.4339 
443.3026 
612.7261 
445.4325 
469.8606 
601.3297 
383.1487 
490.3530 
585.9437 
474.5357 
499.5046 
654.5305 
428.0902 
342.5787 
515.8930 
526.0865 
497.8565 
582.1334 
410.4399 
452.6044 
657.7970 
478.5539 
508.0472 
589.3187 
393.9031 
488.3936 
703.5346 
413.9564 
476.4720 
627.7762 
439.9823 
482.8515 
569.5695 
439.3213 
467.3058 
605.9085 
519.8235 
478.3047 
497.7882 
522.8029 
499.3037 
577.3973 
479.9020 
492.4779 
630.1225 
409.2366 
546.8976 
669.4316 
522.6726 
520.3070 
660.2302 
506.7910 
452.3239 
522.0518 
508.7043 
458.1372 
642.0103 
455.8138 
463.7529 
510.3519 
474.7364 
453.5978 
613.4583 
425.8196 
420.7572 
467.4910 
455.4690 
461.8006 
657.8489 
472.9068 
463.0946 
556.6308 
491.9122 
489.8537 
639.7050 
467.1575 
446.0118 
633.4457 
411.5525 
425.7567 
634.8999 
413.4402 
439.8206 
572.4042 
552.9610 
489.2006 
548.6724 
482.5723 
510.1301 
591.9667 
443.0087 
424.1247 
525.0472 
463.2402 
514.8005 
682.9677 
433.6390 
431.1246 
613.2957 
448.6970 
486.7329 
527.4002 
493.4996 
436.6670 
602.7473 
481.6235 
505.2078 
598.4531 
489.9052 
505.3647 
650.7356 
438.7525 
476.9879 
616.0351 
474.1005 
479.3710 
641.2427 
522.5692 
482.4932 
531.2550 
559.3933 
389.2161 
600.2902 
467.2441 
504.9882 
590.8226 
353.1542 
386.0961 
508.5506 
500.8285 
513.6682 
551.3991 
546.7960 
477.0750 
494.7620 
490.6833 
488.4094 
565.8593 
516.2543 
517.0141 
598.3601 
449.9316 
421.8471 
629.3299 
479.2734 
491.1050 
646.8773 
429.6406 
508.7912 
504.7598 
592.6476 
484.6309 
610.5033 
409.3323 
466.3614 
569.4687 
544.0022 
500.2138 
612.7721 
508.5950 
492.3178 
514.0555 
478.8613 
437.7865 
586.6252 
441.7616 
451.2642 
655.9440 
540.0782 
475.7145 
525.8182 
493.8016 
444.4708 
569.6873 
442.5785 
450.7790 
690.6953 
485.4189 
400.4959 
489.3887 
493.7852 
418.9999 
615.4319 
439.4918 
474.5064 
596.8630 
417.9735 
495.9149 
622.5501 
418.9128 
528.0045 
610.4044 
471.6045 
474.0900 
624.8651 
505.5812 
519.1474 
639.1746 
453.7851 
412.1970 
611.7131 
545.8952 
473.4424 
685.7526 
515.9447 
475.7136 
558.6547 
446.5331 
448.5474 
512.9161 
459.8732 
490.1501 
645.3926 
450.4377 
495.1397 
609.5881 
448.2849 
442.4088 
525.8841 
426.5012 
505.5633 
515.3586 
461.0466 
449.9531 
607.7608 
386.4702 
449.4072 
580.2215 
495.1956 
485.9535 
542.2750 
456.8237 
414.9581 
615.9691 
409.1477 
477.3715 
648.4933 
511.5304 
455.5650 
676.0427 
464.7393 
441.3515 
536.2579 
503.8725 
466.8001 
506.8643 
538.0128 
478.9205 
543.8814 
420.4589 
502.0956 
646.4321 
432.9815 
403.0756 
579.8365 
450.3153 
446.7891 
530.9726 
477.0805 
550.3196 
554.8312 
512.6831 
530.4027 
548.7903 
514.5380 
520.1338 
673.9997 
467.6025 
451.2421 
647.1182 
438.4222 
472.0089 
571.8944 
395.8699 
416.8626 
562.3285 
541.7055 
466.2284 
504.4316 
460.8113 
429.9597 
598.5444 
396.7393 
453.8525 
444.8888 
448.0708 
438.6240 
576.8053 
476.6079 
464.6284 
518.0084 
486.4165 
493.0086 
588.3707 
424.8097 
467.9311 
474.8428 
409.3689 
490.6232 
650.2338 
442.8011 
463.9320 
618.9295 
515.3064 
468.6767 
531.2529 
481.1521 
470.7007 
520.2751 
526.8551 
453.6231 
603.7016 
452.2997 
494.8604 
611.6557 
563.7245 
536.0883 
505.3954 
533.0315 
496.3143 
534.9266 
512.6749 
414.3746 
513.1592 
480.5156 
413.1562 
469.7502 
442.5090 
551.8977 
627.8563 
471.1898 
426.4332 
640.9836 
518.4907 
442.5491 
675.8396 
480.2126 
444.7557 
533.3332 
445.4934 
414.2412 
588.5923 
518.2855 
529.5132 
632.3393 
486.0248 
449.3329 
648.6650 
522.8648 
507.3839 
478.7676 
519.7204 
505.9907 
498.9866 
450.4911 
459.9173 
560.9598 
489.3139 
472.5339 
651.7620 
509.1244 
522.0700 
563.6943 
468.1107 
460.8292 
520.1641 
505.2883 
434.4001 
589.2535 
441.5401 
446.3125 
522.8073 
492.6537 
454.6581 
522.7499 
488.8940 
547.0788 
628.2539 
538.2825 
458.6271 
530.5403 
469.6983 
464.1775 
544.8889 
568.9931 
487.5564 
548.8820 
475.7935 
425.4266 
497.5289 
397.8851 
484.2283 
639.9293 
491.7142 
428.4181 
696.8036 
473.1756 
519.3518 
649.3866 
412.0573 
498.2699 
566.5697 
409.7574 
468.9047 
600.5455 
454.1407 
460.1492 
482.4594 
476.4792 
490.7931 
627.4228 
502.4891 
490.9067 
552.7846 
486.5192 
494.4052 
504.3076 
485.8823 
440.3875 
650.4123 
389.2930 
536.3126 
641.6612 
423.3928 
403.1038 
664.9744 
556.7631 
470.5192 
572.7585 
526.1277 
492.8048 
559.8417 
553.9613 
475.3280 
696.9337 
466.5233 
517.5158 
572.2941 
559.0739 
514.9856 
610.5989 
480.8724 
529.9113 
617.4790 
483.4654 
454.6488 
646.8789 
429.1965 
445.7638 
594.3352 
479.2508 
473.5887 
529.6307 
393.4218 
499.5319 
602.8083 
429.2982 
477.5382 
538.6258 
425.5250 
447.8810 
624.4619 
457.1846 
384.6935 
446.3018 
433.6742 
569.9975 
580.7746 
550.8648 
490.0901 
521.1246 
572.4896 
499.7666 
601.5732 
466.1632 
542.5185 
606.9586 
556.7329 
425.1915 
574.2374 
465.4332 
511.9110 
539.0158 
398.5361 
424.2637 
580.7940 
473.9489 
465.8232 
448.5427 
403.7140 
461.8725 
606.7059 
545.0979 
508.3466 
631.5404 
511.4400 
489.6703 
706.9885 
463.7539 
529.3222 
513.3562 
558.2956 
395.8668 
549.1684 
478.2862 
472.9866 
620.3373 
424.3915 
484.7840 
521.8824 
493.4175 
494.7626 
546.4402 
494.8710 
481.4482 
575.4488 
450.3060 
430.0658 
635.9007 
479.0830 
484.2545 
537.5534 
548.9178 
504.0547 
551.9215 
458.8140 
487.2787 
547.1556 
460.5547 
544.8663 
650.8198 
540.4978 
531.0654 
553.3206 
488.4133 
414.3536 
486.8346 
439.8533 
404.0704 
625.0574 
445.3351 
487.0573 
592.5107 
549.9013 
557.9350 
617.4622 
468.4400 
560.2069 
720.6263 
468.8247 
513.1796 
548.8667 
556.8848 
487.7521 
660.1532 
422.1714 
490.6492 
669.7281 
524.6120 
454.0018 
602.8055 
534.4571 
504.4712 
643.2060 
542.7077 
471.7923 
659.8087 
441.1892 
521.0256 
604.3635 
486.7830 
509.5945 
630.0197 
450.0823 
496.2267 
693.0925 
476.1517 
453.5574 
715.7934 
480.4895 
528.3434 
488.4676 
439.4168 
418.8019 
653.2561 
397.8707 
506.8586 
614.9983 
473.1861 
423.0791 
508.7193 
441.0134 
448.4060 
639.0564 
495.3328 
481.0114 
557.7485 
515.5420 
430.1670 
473.2568 
448.1510 
507.8683 
666.2611 
557.0299 
458.5267 
512.7746 
494.5770 
481.5279 
553.1187 
422.4281 
446.8997 
513.0908 
499.2685 
546.3430 
637.6402 
440.2363 
468.5046 
472.2415 
443.2629 
541.7383 
584.3274 
444.5813 
468.7941 
575.0516 
478.3965 
477.8745 
492.3807 
482.6734 
454.6512 
578.8508 
443.9921 
463.6852 
626.0868 
475.5662 
486.2451 
612.2721 
508.2948 
472.7829 
467.1092 
531.9921 
462.9754 
636.2457 
442.7272 
480.5669 
643.5146 
489.8600 
524.7519 
561.4129 
503.0126 
462.1906 
536.4419 
459.0741 
504.0004 
691.3852 
475.2143 
500.9543 
657.9367 
485.7044 
439.3816 
620.1350 
461.9893 
445.7320 
633.8345 
368.7207 
501.7295 
678.3054 
438.0860 
503.3841 
568.4230 
493.2672 
464.0679 
627.4742 
424.9888 
474.8636 
611.0443 
478.4125 
427.8731 
653.0838 
371.9439 
517.6966 
453.8753 
438.7896 
457.6006 
446.9783 
446.6402 
540.4473 
644.8221 
427.8043 
505.2198 
599.6084 
417.4419 
452.5040 
615.7596 
526.3181 
424.6571 
586.8350 
455.7480 
499.7071 
617.7719 
552.4272 
516.3784 
571.1993 
523.9843 
457.5122 
666.6084 
443.2124 
494.0502 
477.5853 
501.3288 
484.7556 
531.4426 
450.2302 
567.2255 
512.0273 
517.8722 
563.7371 
610.3695 
468.3036 
465.3670 
623.1817 
482.7566 
482.7408 
593.7138 
398.0498 
436.8569 
522.5645 
572.2083 
453.3172 
617.7939 
451.2880 
455.7917 
545.1809 
434.6056 
489.8870 
638.3473 
439.0505 
434.8523 
595.5900 
472.2870 
459.4885 
632.7605 
568.6607 
433.6468 
615.6878 
444.8605 
520.7580 
698.9019 
526.7897 
500.0337 
605.4887 
450.4946 
565.1226 
560.2885 
514.0434 
458.9974 
643.1428 
503.9362 
504.7773 
609.9617 
406.8975 
454.5202 
630.3076 
456.6272 
521.5379 
684.2297 
464.9643 
478.1657 
541.7815 
430.8142 
422.4407 
499.8770 
483.8503 
458.6053 
523.3328 
462.0868 
518.5330 
610.9739 
508.7992 
495.0430 
690.7762 
507.5367 
480.9688 
597.9314 
490.3025 
521.3827 
542.9479 
548.9909 
585.9821 
634.8234 
511.2228 
418.8923 
599.6245 
487.4521 
488.5112 
550.8910 
396.8509 
500.7710 
635.8372 
444.5172 
426.6549 
655.9783 
530.2471 
551.4741 
671.3447 
487.2955 
500.9378 
584.3652 
503.3059 
434.3307 
548.0525 
418.9131 
427.4614 
468.1253 
469.4281 
440.0426 
516.6515 
360.6332 
500.4700 
563.9095 
530.4601 
451.1434 
633.7475 
487.0983 
449.6104 
591.1817 
496.7870 
494.1727 
501.8169 
490.2845 
433.4917 
587.8306 
451.2771 
445.9392 
616.5170 
513.5850 
477.6752 
547.1682 
437.6365 
473.7361 
627.3899 
548.0158 
467.0241 
571.7943 
475.9276 
501.7476 
626.3612 
454.4561 
470.6938 
646.7178 
462.1665 
570.3483 
673.4182 
438.1891 
494.0211 
599.3566 
464.8139 
496.6239 
634.1037 
526.6942 
479.0172 
539.5498 
394.7449 
464.3268 
510.2470 
486.8021 
436.7720 
622.2284 
400.1229 
526.1818 
744.4961 
482.7315 
507.2864 
516.7505 
459.4916 
472.1405 
587.7470 
508.5115 
509.0119 
585.5169 
429.0698 
470.6221 
634.8943 
462.9978 
463.3291 
580.3694 
429.1653 
451.2307 
678.1615 
519.5629 
479.9027 
633.9734 
499.2825 
476.2212 
506.4724 
435.0529 
455.7258 
552.0858 
503.8300 
510.1407 
605.6149 
445.3585 
382.1948 
624.3092 
386.7026 
451.4712 
631.7738 
409.9297 
516.9316 
716.5477 
518.9637 
413.7009 
586.0023 
459.7347 
479.3428 
598.6020 
547.8676 
423.2790 
548.5319 
536.4368 
417.5601 
633.5364 
451.0710 
426.5976 
555.8159 
471.2737 
439.4179 
639.4313 
494.1774 
492.6345 
507.5633 
442.1813 
480.2445 
579.6333 
410.2053 
441.1567 
644.1889 
512.6666 
479.1584 
562.7714 
426.4615 
447.6867 
599.6207 
508.7219 
466.2238 
669.2111 
487.9289 
469.6851 
645.4955 
445.0522 
461.1315 
523.2313 
497.6582 
518.0401 
570.2119 
500.8666 
477.6131 
636.1338 
539.1079 
442.9649 
525.7776 
445.4011 
456.9205 
544.8859 
462.0578 
511.6983 
621.7456 
453.8999 
556.0338 
556.5492 
475.5612 
442.7092 
711.8355 
505.0872 
520.4512 
530.5986 
489.8620 
466.2747 
646.9124 
502.7172 
504.6124 
608.0002 
520.4828 
476.7854 
511.7179 
495.9949 
542.4528 
650.2754 
437.9747 
512.9643 
631.9326 
494.2207 
455.2867 
527.6153 
383.8916 
506.6173 
539.4002 
505.1758 
434.7383 
487.1247 
409.7787 
453.7795 
665.0501 
459.1758 
446.2780 
557.0853 
480.8708 
444.9664 
503.6604 
454.7924 
458.7087 
666.6407 
505.1483 
474.9812 
599.7387 
423.3136 
415.8414 
569.6424 
449.5996 
446.7151 
577.2050 
438.8853 
413.5819 
462.3533 
468.6385 
415.8884 
492.9599 
420.4932 
449.9105 
637.5268 
425.3353 
486.0402 
526.5176 
490.4508 
538.5446 
617.1314 
486.2208 
460.9615 
656.3531 
411.5228 
490.2074 
493.6149 
490.9881 
498.7858 
645.9448 
474.2421 
527.6260 
650.3506 
437.1582 
473.1738 
604.3094 
477.5051 
461.8182 
643.8793 
463.5570 
494.1090 
498.4331 
476.1686 
539.4070 
496.5222 
542.5547 
490.2798 
664.9181 
478.2394 
537.4146 
663.8193 
410.3711 
437.6918 
533.2735 
483.8678 
498.6255 
699.9375 
453.6815 
459.7706 
601.9939 
562.0314 
478.9123 
654.9747 
493.2797 
457.4198 
629.8493 
438.5471 
522.4655 
625.6843 
384.0381 
555.4937 
643.8972 
466.8858 
524.5021 
637.6727 
414.2231 
449.0144 
553.6738 
460.4080 
407.6296 
534.7007 
495.8504 
516.0575 
583.2112 
606.8678 
470.5205 
530.1784 
604.9129 
542.2277 
600.1905 
554.9575 
490.3068 
642.3627 
511.3521 
495.2264 
627.7432 
413.3340 
415.1986 
558.6403 
470.0491 
438.0614 
514.6710 
482.6992 
464.6911 
566.2240 
514.2274 
458.4731 
621.2997 
371.7011 
452.8824 
602.6958 
448.5289 
476.8579 
621.7996 
472.4287 
491.1046 
648.3222 
427.6155 
474.4991 
520.5822 
500.8789 
502.6761 
649.4567 
483.2578 
423.4411 
611.5059 
510.2934 
403.1639 
473.2075 
452.2534 
526.3488 
596.5156 
477.2471 
505.4049 
622.8837 
468.4473 
483.4288 
541.9865 
471.9331 
525.7139 
700.9577 
564.4766 
356.2198 
551.3944 
392.2678 
507.2561 
467.6958 
476.2178 
457.5355 
465.1866 
530.3248 
440.5403 
488.5988 
528.1938 
450.9229 
639.5385 
463.4348 
506.9609 
619.4417 
443.6262 
505.0389 
622.6604 
467.4690 
523.8200 
636.5537 
446.8528 
427.8238 
639.0455 
479.8305 
472.2541 
615.1253 
456.8710 
490.5527 
652.4235 
408.9273 
530.3617 
682.6016 
458.3224 
483.3128 
638.8910 
547.1149 
447.7788 
548.0218 
435.2895 
511.5837 
640.5523 
514.7875 
511.6415 
627.8519 
511.1314 
582.6187 
482.3187 
461.8696 
507.8714 
550.6628 
468.1351 
512.0414 
535.5101 
433.1180 
490.4571 
535.1320 
468.3679 
521.6743 
639.3869 
465.3252 
498.4294 
522.7509 
521.5729 
470.7710 
671.2357 
491.7450 
465.1200 
633.5695 
445.1682 
471.2459 
594.9169 
427.2080 
436.3213 
533.2228 
441.7835 
561.1751 
603.6240 
461.4487 
448.8339 
628.7456 
467.9446 
516.2855 
694.2412 
490.9150 
416.1526 
512.2979 
419.8093 
440.4926 
593.1100 
374.7845 
501.7237 
496.3455 
502.2271 
525.7730 
557.2385 
541.1265 
517.1240 
683.0507 
506.4975 
437.3156 
488.4971 
539.6380 
515.1913 
615.4725 
479.3795 
522.5851 
645.9481 
414.6562 
417.7738 
635.1556 
376.7894 
398.9713 
626.3971 
487.5623 
497.2923 
619.2942 
488.4337 
478.8415 
550.3344 
422.9586 
486.9333 
584.3557 
446.9384 
456.6597 
572.7017 
482.6243 
461.7991 
553.6862 
452.3539 
486.2296 
567.3946 
439.6961 
498.1203 
565.6334 
410.1457 
474.1515 
654.8498 
508.5670 
514.7622 
564.9217 
514.2181 
519.5644 
608.2058 
494.5136 
509.4601 
673.8022 
471.9674 
472.5103 
641.8994 
413.3651 
480.0851 
637.7806 
458.0753 
443.4000 
538.5752 
438.8188 
481.2674 
653.0853 
502.5321 
489.8115 
557.8671 
431.7704 
496.3806 
644.3961 
466.8450 
441.0554 
497.3647 
459.4340 
434.3621 
677.3384 
417.8099 
465.6999 
672.3607 
559.0352 
510.9804 
520.1228 
459.2929 
470.6903 
553.3795 
555.0735 
491.5717 
522.4056 
527.0507 
440.3252 
666.2957 
421.9359 
425.1677 
458.9962 
442.4760 
561.1262 
436.8632 
483.3928 
516.6148 
651.6842 
464.9213 
516.9940 
550.3892 
533.5627 
517.5245 
550.9020 
521.1492 
483.1296 
612.2947 
468.4647 
503.7822 
538.3112 
470.4171 
496.4090 
594.6570 
457.0046 
433.3641 
518.1846 
521.4411 
489.7195 
448.6490 
478.1643 
446.7742 
500.3924 
557.4675 
418.4693 
541.2967 
431.0023 
433.2493 
633.2199 
402.9726 
504.0453 
528.0817 
481.6431 
448.5299 
496.8016 
459.8524 
441.4461 
570.8153 
486.3331 
397.0098 
646.7686 
407.7965 
447.0100 
530.6631 
428.8328 
402.1679 
628.1298 
515.3552 
427.8787 
616.8557 
460.2400 
458.0003 
577.1486 
392.7084 
534.3169 
559.3593 
559.3255 
472.1885 
619.7314 
486.2631 
459.5053 
573.1322 
482.6987 
458.9404 
569.7544 
432.6789 
459.7079 
592.4780 
415.8575 
538.6249 
684.5111 
538.5512 
418.4948 
610.0877 
454.4075 
424.8054 
590.6749 
504.8336 
494.6267 
529.7957 
467.2721 
382.0824 
569.9192 
469.6543 
436.2791 
570.3293 
476.1897 
496.1468 
576.2680 
579.6851 
456.2125 
623.9633 
416.5777 
478.4780 
615.8622 
461.8843 
447.6459 
656.5904 
503.9279 
449.3174 
557.4967 
460.9899 
466.2018 
551.2015 
474.1377 
522.9057 
636.8756 
459.7795 
468.4981 
603.3510 
495.6897 
436.3412 
635.9429 
436.2429 
498.5618 
665.8595 
487.5163 
461.1278 
546.6425 
461.5644 
474.8379 
601.8810 
404.9003 
446.9719 
495.7578 
468.7763 
456.3894 
469.1067 
450.4638 
498.4842 
575.6324 
466.1386 
432.8182 
521.5947 
406.7051 
575.3134 
689.2538 
520.9123 
451.1495 
705.5149 
524.8032 
409.5285 
599.6715 
483.4351 
548.7237 
678.4920 
484.1885 
484.1786 
652.6809 
460.0332 
437.8785 
641.0816 
490.8032 
467.7605 
550.3020 
470.3554 
478.6560 
689.2993 
459.8307 
493.7441 
551.2306 
532.0705 
482.1702 
571.9671 
438.0591 
424.6998 
606.2621 
445.8589 
428.7710 
516.9455 
439.1148 
449.1077 
606.7812 
437.8185 
434.6964 
559.1663 
478.4819 
496.1452 
505.9399 
513.5314 
497.1983 
636.0194 
567.7694 
431.9281 
562.4122 
511.9736 
518.8953 
657.3465 
405.4626 
448.3874 
580.6608 
400.7039 
443.5531 
560.4073 
514.8068 
518.2411 
655.9780 
481.9950 
488.2826 
529.7722 
433.6442 
499.9377 
563.8154 
464.2439 
498.9750 
626.1958 
512.9345 
545.2090 
589.6653 
456.5656 
547.8819 
631.9785 
506.5318 
485.2366 
499.2710 
411.7621 
553.2720 
583.6596 
501.2876 
481.3051 
531.0058 
491.4031 
478.7999 
590.3909 
511.8167 
514.0381 
609.8967 
370.0511 
453.2308 
482.6797 
461.2010 
449.7360 
589.4730 
452.2836 
474.0693 
502.9031 
476.9215 
398.5857 
473.7170 
440.4518 
498.8802 
550.2151 
442.8191 
450.1877 
594.4776 
429.5583 
445.6559 
614.1889 
426.9255 
414.5787 
524.2095 
489.2074 
496.0027 
592.1715 
525.4697 
526.4902 
595.0714 
464.0667 
504.3865 
625.5364 
512.5905 
466.0185 
507.6247 
406.9744 
433.6406 
563.1852 
394.8932 
482.4240 
647.6750 
481.6704 
490.1691 
568.0678 
395.4131 
426.9508 
578.3616 
441.7151 
437.9980 
529.6978 
462.4367 
505.2212 
511.8717 
568.1091 
464.8099 
486.7755 
411.6104 
502.6666 
653.9866 
385.8075 
439.3648 
547.5721 
411.6297 
512.8783 
624.5014 
464.9886 
452.5611 
494.8951 
443.5257 
475.1748 
668.5123 
434.5662 
442.9462 
617.7723 
548.8093 
425.5429 
608.4698 
500.8329 
444.5410 
558.0945 
462.4408 
562.1630 
614.6181 
463.9977 
494.3596 
596.8152 
545.6259 
460.9412 
624.7007 
519.1366 
454.3251 
595.4339 
434.5334 
457.3039 
607.1264 
517.9762 
567.3103 
651.8703 
529.0414 
458.0645 
713.0343 
458.9637 
534.3510 
561.5590 
516.9632 
471.4473 
599.3385 
462.9016 
543.1714 
669.6475 
435.0698 
481.3176 
581.1846 
406.3412 
463.5884 
594.1848 
479.3208 
470.0845 
606.6381 
414.5133 
507.6129 
665.4489 
490.6819 
469.4272 
601.7089 
476.9145 
478.6901 
640.1912 
507.7215 
439.3588 
535.3884 
535.9664 
505.4025 
671.8776 
507.8554 
524.6880 
627.5790 
434.3063 
507.4710 
524.6878 
505.4333 
527.0061 
556.2068 
409.5592 
454.1210 
605.6577 
391.2249 
460.5773 
575.5374 
480.2436 
449.5369 
588.0280 
520.5137 
515.9297 
580.6055 
438.9516 
455.0974 
604.9155 
431.0411 
391.8101 
501.0448 
415.0875 
481.1629 
605.5414 
451.2140 
502.6844 
664.9275 
449.8693 
489.7649 
615.1327 
497.6841 
363.4189 
518.6828 
526.1520 
554.7005 
566.2184 
521.2065 
481.5607 
603.0013 
498.6000 
442.7796 
471.6212 
447.7281 
549.2841 
699.5973 
401.3404 
539.8646 
575.9029 
542.1555 
493.7420 
611.3546 
455.1411 
529.6283 
703.8686 
485.8140 
492.5418 
633.7577 
432.6156 
460.5237 
682.7499 
397.6238 
455.1237 
505.3370 
485.6830 
485.3601 
560.6615 
476.3564 
451.8156 
514.5719 
475.1817 
521.7435 
623.5762 
456.5725 
461.8673 
683.0528 
468.5789 
449.4931 
495.5990 
475.9186 
499.0707 
522.3809 
467.5972 
475.4216 
665.6860 
426.8612 
507.1315 
678.6306 
459.9298 
537.8227 
688.6040 
434.0660 
455.8738 
616.7656 
430.7507 
392.7138 
593.0960 
470.1557 
588.6879 
674.3129 
493.5878 
481.5269 
616.2323 
583.2533 
499.9470 
532.2809 
486.6297 
439.2709 
576.9236 
427.7877 
488.8812 
470.8603 
424.9986 
510.1584 
594.8652 
560.3662 
455.1806 
585.7443 
502.4699 
453.3942 
572.2482 
443.6792 
508.0498 
600.0588 
445.1358 
415.4034 
607.6771 
453.1071 
493.6583 
635.6615 
520.4206 
431.6118 
556.7820 
509.7362 
486.4192 
458.8947 
490.0577 
429.7044 
550.0653 
453.6914 
474.6868 
666.0518 
491.4943 
412.7192 
479.3441 
436.0230 
483.9793 
520.7343 
447.7892 
461.8536 
658.1055 
479.3797 
583.6272 
651.4489 
485.6432 
481.9380 
584.0401 
496.0537 
410.3019 
567.8989 
543.2047 
440.5340 
525.9148 
474.6694 
428.7876 
533.8005 
473.2605 
418.8144 
535.8473 
376.2092 
470.3831 
678.9033 
461.5820 
432.2017 
511.2068 
481.5675 
533.8057 
509.4731 
504.1209 
489.4111 
498.5868 
421.6301 
481.7016 
537.8158 
403.8157 
539.8246 
639.8902 
534.4363 
471.1189 
626.4314 
454.7306 
501.8748 
552.0419 
488.1589 
460.0029 
605.9037 
522.8322 
435.1898 
663.9832 
486.4853 
488.7232 
632.3449 
481.7199 
536.2734 
563.5112 
513.5800 
554.5305 
667.1644 
419.7482 
498.3616 
521.9221 
446.5234 
446.2353 
532.0989 
446.5056 
448.6211 
611.9623 
474.7191 
502.4902 
563.9246 
492.9348 
495.9387 
568.6735 
465.5508 
409.4324 
645.9648 
536.1965 
447.6367 
698.0697 
394.5757 
473.1225 
632.1287 
445.6797 
442.5047 
627.9271 
480.0076 
488.5185 
630.5942 
444.1421 
464.2759 
498.9065 
455.0849 
493.7846 
535.9863 
548.4139 
498.9747 
648.7153 
491.1383 
454.2436 
495.4222 
561.2102 
502.9028 
491.5282 
576.1684 
464.1221 
656.4407 
471.1454 
441.0924 
567.8459 
467.6232 
511.1188 
621.3934 
466.2028 
459.1302 
544.7694 
483.1085 
524.4076 
574.8748 
499.6143 
488.8914 
556.1700 
529.8696 
468.6763 
669.7397 
537.5979 
526.5216 
560.5861 
496.2888 
524.7442 
586.1985 
507.6572 
424.6271 
486.4862 
498.6318 
463.1399 
536.2008 
406.7967 
495.7117 
606.7877 
430.0323 
411.5585 
629.1358 
418.7150 
448.4890 
596.6196 
437.6405 
523.1008 
685.7926 
499.1999 
511.6917 
612.7391 
550.9644 
425.6246 
526.1385 
400.7969 
448.5237 
594.3241 
435.3113 
494.2754 
587.0263 
480.1873 
442.1579 
522.0750 
461.0627 
493.5845 
643.4309 
474.3368 
445.4608 
532.9118 
449.4097 
496.8921 
531.3081 
483.4398 
439.3457 
482.3946 
367.6775 
419.7108 
670.5647 
377.4893 
466.2916 
552.1764 
490.2059 
431.4062 
511.5188 
526.1139 
489.6223 
545.1945 
429.7646 
555.5788 
681.3906 
550.4370 
500.7856 
621.0937 
473.7824 
457.5757 
509.3342 
409.8411 
456.7077 
527.0820 
520.6458 
429.8644 
563.1536 
503.4073 
471.7771 
610.9476 
457.1060 
398.8497 
571.8938 
501.5292 
396.6365 
457.4404 
473.7103 
481.9789 
630.9664 
375.3345 
481.0665 
592.3299 
494.5747 
500.4037 
521.7776 
440.9303 
492.4328 
660.4276 
575.9280 
432.5560 
517.1534 
433.3670 
444.4637 
544.4509 
493.8782 
452.0975 
572.3187 
475.9039 
531.5924 
543.5105 
467.6525 
431.6845 
608.0523 
465.3684 
450.0229 
480.8551 
509.4712 
475.7710 
612.2333 
451.5985 
555.4472 
729.7172 
548.8251 
494.3499 
718.3965 
405.7366 
443.1875 
504.6283 
430.8318 
446.8948 
630.5862 
461.5278 
469.4298 
636.9024 
409.5364 
467.5573 
638.4257 
558.2725 
511.9886 
648.1361 
506.3648 
538.4871 
689.1282 
441.2607 
470.0825 
573.6792 
480.2240 
430.8802 
641.0276 
490.6421 
429.1051 
520.6638 
404.8331 
367.1422 
550.1071 
359.4825 
510.4002 
670.2362 
466.7991 
467.9385 
646.3347 
506.9629 
511.2066 
566.8196 
546.5450 
466.8454 
564.2383 
454.0752 
464.8276 
426.5589 
460.5546 
550.1961 
548.2632 
530.9531 
409.2613 
535.9535 
476.4218 
442.4908 
505.1196 
494.1958 
563.4846 
644.9388 
429.3678 
484.5106 
658.7494 
501.2171 
440.2337 
599.1590 
468.5015 
454.2744 
570.9311 
502.0126 
350.0307 
630.9343 
448.4486 
435.8442 
645.1972 
505.9634 
394.3459 
527.9714 
499.5969 
486.1438 
534.3288 
448.0563 
523.5528 
531.6668 
444.0707 
401.2668 
630.5656 
503.2165 
