427.7177 
515.8420 
502.9326 
522.1249 
518.1579 
478.8777 
447.3098 
585.4566 
482.3672 
439.3993 
547.9125 
443.6833 
477.5010 
641.4259 
431.6533 
464.3350 
602.9081 
505.6601 
479.3151 
584.5987 
512.9914 
387.4595 
469.2643 
438.3324 
457.6348 
515.5753 
440.2560 
432.4033 
536.6177 
459.5145 
411.5475 
498.2146 
475.9402 
480.9857 
629.9063 
412.4108 
429.1860 
627.1722 
453.5640 
414.9255 
587.9519 
496.3970 
427.7997 
546.9613 
477.9676 
465.2331 
638.4943 
435.1837 
487.1095 
624.9265 
534.5507 
450.2452 
602.0972 
425.9860 
439.8892 
650.7947 
435.8068 
378.9508 
579.5641 
507.7150 
445.7993 
619.6859 
434.4624 
414.8956 
525.2784 
393.7274 
474.1426 
566.6303 
426.0751 
415.4221 
535.1017 
403.1396 
418.9391 
532.1412 
429.4139 
442.5745 
661.4595 
453.7791 
429.6671 
638.2070 
451.3540 
419.1207 
535.3765 
490.2346 
413.9892 
473.2438 
428.8385 
426.2244 
572.8527 
454.2139 
485.8533 
595.1783 
492.7521 
416.6887 
604.9725 
408.0584 
440.6819 
592.5810 
402.8418 
434.2491 
570.7736 
431.0787 
426.5795 
664.8370 
450.5937 
528.5571 
462.9572 
454.6407 
452.8569 
619.4876 
470.6913 
416.5406 
606.1688 
405.5085 
477.9123 
665.2643 
453.3812 
431.6625 
674.7093 
450.1455 
454.8742 
643.2598 
522.2994 
466.3019 
548.0943 
444.2461 
437.1670 
628.3888 
441.7890 
413.7525 
617.6632 
546.1426 
488.8106 
590.4754 
420.1939 
466.6423 
619.6773 
457.2617 
442.7612 
608.4696 
441.2120 
462.3291 
554.6177 
386.6511 
412.9670 
589.5647 
413.9896 
401.9991 
577.5695 
482.1726 
469.6958 
576.5374 
404.6417 
502.0844 
560.3357 
466.4051 
492.5593 
597.6584 
530.9298 
422.4346 
606.2439 
417.7842 
487.7856 
656.6006 
403.0082 
388.5991 
596.5552 
503.4114 
456.2397 
675.5953 
427.8874 
475.0361 
658.1062 
427.5672 
477.7070 
547.1456 
498.0165 
427.6008 
574.7755 
433.8241 
465.9826 
682.8759 
455.8271 
382.3179 
567.3047 
503.7596 
405.6810 
577.3581 
452.4870 
439.4694 
528.2740 
387.5818 
407.1551 
603.9693 
510.4878 
443.5860 
707.9865 
403.8301 
412.2857 
620.1780 
479.3110 
439.1911 
586.1258 
424.3496 
488.2403 
627.1451 
441.5200 
515.7418 
540.1979 
467.7388 
394.7068 
552.9316 
504.9960 
418.7078 
456.7594 
503.0842 
490.9450 
562.4541 
459.6090 
467.0252 
652.2594 
445.5527 
432.0617 
488.5524 
437.7743 
438.0187 
542.9228 
465.4560 
473.8343 
674.5634 
427.7104 
428.6486 
540.6868 
526.8481 
471.2491 
510.3678 
420.4929 
430.7503 
492.0125 
432.8974 
453.9887 
623.4146 
478.3345 
449.0424 
591.4065 
412.3820 
479.8534 
574.1743 
472.0354 
462.6604 
581.9054 
435.2702 
493.3629 
659.4194 
451.5687 
456.8274 
585.8549 
440.4968 
438.7261 
521.7805 
457.1176 
445.8676 
501.6403 
393.1958 
464.6714 
568.4757 
416.4367 
482.3343 
622.8388 
516.4897 
462.4787 
518.4117 
457.5098 
459.6266 
666.9320 
467.2966 
470.8752 
659.6187 
448.9267 
442.3922 
534.6433 
458.7761 
489.8004 
528.3530 
446.4340 
446.9244 
660.4777 
457.0139 
479.1931 
528.2886 
397.8597 
418.9123 
673.7791 
420.6329 
522.8012 
686.6579 
387.8241 
467.9348 
590.4382 
450.7813 
425.9303 
634.4887 
395.2500 
443.5686 
503.3675 
496.8996 
446.6848 
611.5352 
410.8277 
510.2472 
567.5897 
435.3850 
463.9732 
521.3691 
458.8201 
439.8473 
624.1459 
432.0613 
440.3988 
529.6521 
430.1305 
487.6433 
608.0150 
454.0272 
477.8617 
544.6535 
432.8039 
417.6209 
535.8866 
439.9834 
451.1195 
654.5527 
438.9123 
397.8090 
579.7480 
440.4707 
418.4813 
563.9683 
425.3943 
509.3276 
542.5251 
459.2407 
414.0353 
616.0274 
489.5777 
432.4508 
576.6562 
409.1318 
496.0295 
617.2199 
503.7258 
484.2511 
633.0021 
487.4281 
412.7035 
565.9635 
470.0530 
521.1494 
570.2108 
490.2859 
464.2840 
680.9301 
407.7131 
431.0993 
574.4578 
444.2757 
448.8104 
638.8949 
415.9830 
445.9034 
561.3709 
481.4177 
501.8809 
527.6016 
390.9437 
473.0260 
559.0102 
473.8314 
420.6964 
629.9952 
389.5552 
473.6965 
600.6741 
423.9570 
439.4686 
497.2095 
419.2159 
416.8946 
593.7406 
372.0990 
442.1660 
665.2281 
490.2871 
485.0406 
573.7391 
477.1227 
416.8183 
566.5780 
480.7646 
478.9539 
548.5400 
445.0542 
431.4863 
607.7553 
430.6757 
370.4022 
583.9546 
454.5397 
455.0483 
493.6891 
438.0852 
480.1528 
522.8856 
473.7432 
421.6225 
504.8750 
410.2226 
372.0911 
554.7010 
416.4413 
414.7692 
577.2562 
465.8416 
503.7970 
598.6715 
474.1314 
411.3458 
616.9865 
425.2272 
378.4092 
563.2689 
410.2359 
475.7784 
569.8106 
411.6040 
471.1444 
613.0023 
528.6968 
436.2841 
643.4130 
463.1851 
442.5456 
510.8050 
454.1607 
441.4941 
522.9364 
407.0956 
479.1708 
557.2201 
454.0000 
417.2364 
627.4938 
414.5668 
437.7120 
538.2260 
453.5166 
452.7739 
640.4322 
359.3546 
473.3361 
639.4605 
429.0101 
442.6286 
671.4601 
421.5258 
448.3899 
548.4550 
421.6486 
467.7200 
538.6332 
470.6342 
520.3057 
560.0862 
481.4574 
431.2579 
587.8048 
454.4452 
434.1452 
538.4593 
462.4739 
401.0385 
685.0313 
461.3824 
433.0370 
583.3960 
468.2628 
480.2068 
566.5081 
570.7769 
400.4714 
534.9274 
453.9976 
446.5728 
617.5115 
364.4692 
436.2360 
614.6424 
388.7437 
460.0963 
660.2888 
547.9165 
440.6381 
607.1600 
470.4483 
357.5486 
608.1034 
353.9245 
451.1964 
626.8220 
386.4477 
528.9272 
532.5175 
516.1687 
488.8753 
623.0086 
476.5565 
472.5308 
687.9700 
435.6284 
448.9823 
570.8120 
401.6452 
454.1370 
610.6195 
447.2174 
448.2025 
618.2502 
426.4727 
414.7857 
491.7751 
446.7285 
394.6773 
677.8961 
378.5063 
381.0943 
504.6979 
377.3749 
371.5973 
582.9665 
422.1854 
481.2079 
709.6292 
459.6339 
467.6153 
609.5184 
479.8447 
424.6576 
640.2042 
403.0106 
508.2458 
659.4150 
488.6808 
501.1702 
696.2318 
472.8657 
491.7393 
633.9501 
429.1239 
369.3478 
655.9720 
491.1024 
459.8957 
583.3739 
434.5856 
444.2814 
604.9244 
438.8923 
466.6469 
510.2220 
492.4757 
482.2283 
632.5142 
475.3965 
469.4581 
652.6975 
485.1906 
486.7507 
519.7172 
505.0525 
475.3002 
597.0398 
450.4567 
459.7011 
542.6454 
460.0338 
434.9902 
585.0360 
476.7827 
430.3564 
457.4151 
455.0781 
425.4247 
628.4314 
451.5252 
464.8565 
537.2168 
435.5972 
417.6662 
551.4094 
437.1574 
483.5921 
595.9556 
422.6290 
428.4097 
579.8164 
439.9251 
514.4037 
666.2060 
509.4592 
421.2738 
567.0164 
450.1303 
475.8138 
592.8262 
414.3801 
452.3314 
553.9233 
415.6030 
422.7842 
531.1714 
464.1456 
454.8379 
549.8686 
432.5177 
511.1647 
450.5758 
529.4831 
487.1858 
672.8475 
433.8000 
445.9822 
610.4889 
457.0017 
464.7306 
621.2603 
373.9364 
476.1424 
631.0619 
452.0635 
458.2728 
628.8500 
404.1091 
442.0747 
510.8092 
433.6988 
449.3694 
610.3082 
495.8480 
492.7876 
540.4171 
507.1365 
407.0094 
564.7697 
432.1866 
431.1567 
611.1749 
430.1392 
450.1980 
610.6370 
402.8093 
517.6019 
571.2815 
410.0418 
479.0093 
608.1790 
460.4606 
518.9438 
577.6773 
536.0189 
425.1225 
604.8782 
401.4643 
458.3833 
604.2873 
421.2382 
430.0698 
700.9135 
448.8190 
416.0839 
569.9186 
469.9465 
429.9436 
615.4545 
458.2191 
412.8966 
578.7546 
449.7474 
445.3500 
515.4134 
413.3581 
444.9940 
539.3740 
472.3889 
463.1640 
622.6017 
441.5267 
449.3942 
488.5396 
488.8101 
436.1675 
557.6975 
468.5499 
434.9374 
570.4173 
463.3683 
417.4585 
607.3458 
407.7420 
484.2140 
570.6715 
425.1510 
429.2899 
582.3483 
464.1592 
422.5927 
544.8116 
384.3713 
442.2695 
579.2969 
493.1403 
448.1910 
589.2841 
507.7307 
506.0337 
627.3226 
437.6141 
441.3788 
546.5078 
468.2418 
419.4894 
442.7647 
372.3026 
504.4333 
650.9230 
482.1320 
492.0153 
608.2077 
419.7707 
481.2300 
573.6737 
495.8798 
481.6821 
678.8709 
463.9479 
431.3028 
649.8887 
459.5650 
470.4462 
663.0899 
425.8188 
474.1760 
613.0197 
490.8712 
433.6259 
627.3818 
401.2039 
441.9224 
660.4270 
475.7476 
399.3970 
497.3699 
425.7990 
469.4729 
481.7688 
420.6538 
458.2781 
627.7750 
407.0642 
388.5522 
612.0951 
412.0111 
477.5688 
566.4916 
504.8864 
393.5151 
584.7292 
409.6765 
447.5515 
457.8367 
402.9157 
419.1256 
502.7721 
426.2256 
395.4210 
665.4179 
392.9092 
414.0868 
526.3699 
452.9015 
396.0375 
567.5173 
462.3840 
440.6844 
462.1757 
519.5001 
457.1952 
529.2989 
404.4764 
418.3378 
634.9943 
428.4369 
458.4576 
519.6765 
477.5156 
467.6774 
576.0898 
419.0309 
476.5905 
606.6163 
452.6859 
454.6546 
505.0850 
518.0887 
464.4865 
591.6375 
387.0970 
405.7839 
535.6594 
435.3915 
450.9504 
677.6974 
422.9872 
412.3948 
581.2805 
458.0324 
445.6455 
626.4937 
377.4019 
434.2521 
559.5576 
388.5500 
470.6845 
602.3158 
483.6493 
405.1922 
512.4855 
390.8375 
443.1075 
541.9864 
466.7515 
483.6825 
551.9736 
416.2149 
470.3517 
576.3909 
449.9928 
440.5851 
475.3694 
473.0820 
456.7197 
531.4160 
510.8456 
465.7146 
520.7911 
421.9818 
408.2527 
604.8714 
398.5792 
527.8562 
591.7345 
456.7616 
456.6827 
634.8734 
406.3931 
500.0141 
575.0196 
465.1545 
451.3092 
532.9861 
467.0441 
456.7364 
633.8939 
417.3571 
478.8658 
567.5683 
508.1128 
473.0821 
585.4320 
451.8709 
403.9021 
672.3939 
434.0119 
473.2253 
650.3017 
462.8291 
441.3694 
538.7280 
450.0006 
416.3458 
519.6286 
407.5604 
425.0112 
625.5527 
391.8065 
403.9241 
578.6424 
427.8228 
509.0396 
535.3276 
492.7642 
448.3469 
602.9510 
518.6269 
441.4630 
602.7865 
510.3273 
442.8939 
632.6816 
396.3048 
462.4981 
593.5958 
360.2845 
425.1324 
562.3518 
519.0723 
448.8405 
505.3870 
475.1206 
457.4900 
615.8537 
354.8624 
437.1045 
647.5278 
399.0970 
457.9936 
589.8902 
415.1672 
389.8446 
543.4828 
398.9893 
498.8410 
582.4073 
461.8891 
370.5829 
614.5059 
425.1588 
449.1735 
662.0897 
396.0416 
519.2825 
683.9662 
450.8563 
452.9169 
655.6959 
455.9817 
404.0076 
506.2675 
404.7102 
481.9817 
617.4110 
470.4555 
517.8696 
503.6760 
528.5832 
403.7381 
590.6630 
466.2760 
394.2308 
523.6443 
506.2382 
452.1332 
586.7050 
488.0674 
371.2492 
515.8501 
392.6264 
458.9847 
743.3027 
397.7901 
432.3816 
492.7443 
439.6718 
449.3001 
553.3989 
402.3920 
400.4043 
508.7440 
461.2956 
399.0942 
600.0619 
461.9204 
504.1794 
527.9920 
435.1344 
492.4680 
582.1826 
467.5015 
510.7118 
545.1574 
455.1515 
490.9400 
589.1838 
425.3003 
538.6279 
624.9609 
404.1809 
467.7232 
522.2363 
393.6117 
462.3469 
537.9560 
457.8570 
420.6308 
541.9649 
506.7418 
434.1805 
576.5614 
481.4611 
437.8346 
579.1368 
480.9110 
431.7858 
551.2220 
479.9150 
405.3172 
544.0458 
424.6621 
452.8024 
621.4228 
495.7306 
426.1335 
505.2643 
471.9681 
417.2163 
506.8387 
445.3507 
411.0297 
638.4117 
339.5771 
381.2602 
572.9076 
457.5070 
475.1706 
554.3488 
462.6090 
429.9686 
444.4410 
444.7694 
555.0902 
545.7577 
525.9546 
435.8791 
538.5625 
432.6536 
407.9183 
543.1273 
408.8835 
444.6890 
507.1677 
484.2444 
399.2401 
607.2611 
474.8037 
484.1231 
684.7109 
500.9319 
463.3582 
568.3780 
491.0995 
496.5115 
594.0938 
459.9191 
482.2657 
618.5676 
394.8718 
500.4137 
641.5421 
458.7408 
457.7354 
598.0692 
422.4921 
419.6591 
574.3531 
445.6693 
452.0663 
647.9279 
392.4344 
434.9623 
552.4239 
481.6415 
446.1196 
549.3835 
479.6614 
450.5042 
628.7126 
421.5573 
489.8968 
571.1179 
462.9209 
456.3482 
595.8204 
421.2115 
456.4462 
602.9634 
487.5644 
470.2543 
659.4776 
439.2112 
485.5472 
524.5701 
524.2393 
484.9268 
626.5452 
481.7281 
427.6517 
663.7536 
399.0135 
425.5646 
529.0013 
491.1669 
492.3281 
611.2807 
513.4798 
444.9420 
522.9756 
455.3576 
469.8532 
537.8465 
423.1418 
406.6074 
555.5050 
431.8891 
465.7735 
662.2000 
437.8920 
425.3439 
651.3707 
436.2027 
448.3914 
652.4638 
479.5968 
399.4664 
475.3171 
397.2912 
464.3606 
523.6316 
442.8380 
410.8199 
649.7349 
460.3854 
462.7232 
593.0416 
458.3463 
454.6529 
586.0334 
477.1214 
493.9444 
558.2966 
453.4428 
447.5951 
589.4033 
411.3318 
427.6222 
579.5456 
488.2614 
391.8483 
558.1722 
472.9894 
480.5657 
608.0913 
492.7864 
416.8631 
534.7079 
486.6939 
444.6539 
538.8258 
374.4028 
540.0279 
607.3351 
426.3410 
434.4337 
638.8129 
446.3397 
423.1382 
496.2372 
467.5191 
489.5485 
609.4998 
520.4784 
411.0575 
588.2020 
400.2030 
409.1711 
485.5986 
415.4838 
462.8119 
607.2655 
386.6956 
455.7704 
668.9129 
474.8541 
474.4994 
645.1514 
405.8611 
454.5723 
659.5022 
446.1748 
441.7140 
649.0636 
468.5808 
466.1408 
595.1005 
465.9508 
440.8688 
546.9277 
425.6622 
427.5613 
609.9655 
468.0352 
431.5809 
561.7336 
419.7824 
473.3996 
628.7295 
493.7986 
480.4583 
635.6940 
427.9705 
418.8398 
550.5294 
420.7958 
455.3416 
621.0425 
440.1275 
417.8100 
527.9294 
443.4417 
508.1354 
608.5725 
450.4162 
448.9394 
498.4529 
475.5398 
425.9334 
473.6597 
400.2567 
463.8572 
643.8432 
468.0155 
436.9454 
520.5486 
467.3199 
388.2254 
526.6139 
462.6873 
485.4164 
563.0054 
472.1969 
451.3802 
659.2630 
479.6809 
475.4464 
648.9850 
424.1148 
457.0613 
698.7165 
430.1420 
389.6340 
610.0585 
455.2779 
494.6265 
576.7059 
464.8033 
462.7338 
662.5745 
470.1937 
456.4479 
562.8368 
393.3615 
396.7365 
606.3949 
505.9782 
471.0671 
559.2143 
438.4774 
428.8569 
510.6840 
420.4000 
378.0129 
498.9629 
444.2663 
369.3502 
576.0760 
463.1692 
394.6648 
530.5076 
418.7418 
447.5361 
567.4483 
480.1505 
447.6533 
652.8829 
427.1303 
424.6622 
609.0553 
385.7705 
436.0982 
685.6614 
405.8182 
462.4956 
593.8604 
481.9527 
421.5690 
617.0375 
468.7632 
433.3544 
672.7504 
392.9351 
451.3970 
643.2424 
387.9011 
403.5637 
609.0765 
448.6445 
501.2561 
608.4787 
465.1149 
469.0542 
576.7704 
409.3045 
448.9765 
524.2241 
491.1982 
464.0851 
574.3223 
488.4461 
437.5433 
579.3568 
437.7270 
409.3357 
587.8465 
463.5869 
446.9604 
606.6946 
384.1613 
362.4408 
626.5559 
517.8203 
421.7958 
512.3657 
486.8307 
493.0900 
569.9072 
454.7175 
460.0100 
646.4413 
411.1490 
464.9223 
569.1893 
462.9344 
424.0587 
606.3867 
447.1247 
442.9030 
614.6504 
401.9462 
518.4632 
669.7751 
483.0082 
464.3525 
614.4566 
465.1115 
446.6633 
659.9028 
445.2206 
426.5653 
549.9661 
391.1773 
437.2501 
647.2765 
406.8957 
480.4447 
562.0157 
407.2977 
463.8534 
672.7849 
433.3375 
431.6378 
616.1732 
416.6296 
462.9970 
558.4746 
399.8956 
445.0982 
593.4344 
404.8016 
446.8687 
592.2469 
453.4253 
449.6467 
585.3507 
483.9062 
386.5906 
553.8390 
468.0781 
452.1601 
603.0324 
406.5728 
435.4325 
585.7228 
501.0500 
453.8000 
632.0708 
434.0952 
436.4133 
639.3596 
495.0525 
506.9326 
541.3661 
467.3085 
413.9415 
555.0392 
421.0789 
441.6689 
640.7764 
444.9808 
453.3552 
541.4809 
443.6224 
443.4437 
613.0430 
443.6149 
440.7861 
517.9672 
456.8479 
498.7279 
538.9813 
505.8869 
392.4527 
511.7294 
484.2445 
411.3699 
627.3961 
439.7153 
448.6170 
611.4849 
485.6457 
462.6453 
614.8689 
443.8417 
440.4928 
527.5783 
446.2943 
476.4527 
603.2141 
474.0657 
453.5703 
642.3001 
400.5286 
473.0636 
589.5234 
400.4437 
495.8046 
618.6720 
402.3188 
424.6075 
632.7807 
400.8342 
409.1151 
665.8323 
392.2944 
408.3439 
602.5401 
407.6159 
471.5275 
491.9237 
439.7338 
468.2391 
641.7847 
411.6920 
489.5725 
533.1628 
452.0130 
435.8306 
610.4403 
422.3594 
440.6195 
583.9092 
471.3906 
488.0771 
622.3408 
423.4751 
465.9486 
620.9122 
451.0391 
450.8994 
541.5122 
430.5345 
436.9706 
487.5815 
460.8048 
433.6711 
643.7734 
486.0167 
431.9096 
525.3199 
454.9349 
455.7115 
615.5242 
420.6505 
454.0697 
593.6212 
439.5783 
468.0973 
619.5549 
449.8402 
434.0263 
619.1275 
388.5272 
384.7275 
622.3852 
456.2207 
415.4491 
586.0610 
427.1711 
483.3016 
522.7552 
442.2741 
473.8612 
672.7734 
408.3031 
413.4297 
587.9641 
488.2971 
498.1602 
610.5671 
455.7035 
464.9067 
518.0193 
541.8632 
406.2427 
525.5164 
423.4171 
509.2540 
611.8869 
430.0188 
480.7915 
644.7742 
428.7750 
443.0932 
639.5301 
434.0225 
481.0287 
571.5418 
446.5486 
469.9359 
616.2288 
490.3848 
449.6308 
552.5493 
384.9032 
494.2255 
526.0024 
424.1333 
436.2000 
659.1473 
395.4435 
423.2748 
539.3188 
420.9600 
433.0252 
628.6725 
458.8172 
449.1564 
580.4078 
441.6741 
481.1222 
565.0589 
510.9906 
431.4402 
591.7470 
491.5156 
423.2238 
670.8540 
474.1637 
458.7315 
506.2884 
422.1926 
491.6693 
543.0969 
427.2175 
444.5889 
599.0208 
438.6133 
450.6306 
644.7794 
415.3727 
439.3515 
567.7307 
444.5918 
441.0143 
713.3817 
446.0659 
480.2059 
509.6962 
483.7254 
426.5329 
557.6565 
463.5858 
373.4314 
547.0158 
440.0590 
476.1508 
643.7161 
420.7087 
421.8367 
625.5944 
390.5574 
422.3984 
659.6290 
444.4188 
423.6489 
556.3872 
439.2047 
438.9949 
579.7872 
480.5872 
421.2062 
575.1579 
442.8697 
530.1976 
636.0062 
472.7499 
501.6081 
563.4178 
432.1708 
459.6044 
637.5398 
446.2384 
445.2970 
603.7344 
428.5838 
413.0413 
534.7980 
454.4108 
410.8650 
625.5170 
461.8352 
474.5635 
497.8445 
449.3646 
419.6437 
573.0000 
414.0607 
409.5947 
473.6735 
471.5130 
483.1938 
594.7966 
497.0259 
452.9954 
611.8851 
443.1262 
493.3468 
544.9161 
496.6955 
432.6767 
629.4923 
456.8575 
456.5161 
596.2026 
421.7312 
480.8248 
537.2489 
457.5109 
470.3221 
626.5440 
547.4528 
462.0923 
504.8232 
457.1054 
516.8519 
615.1413 
468.7731 
409.8665 
671.0630 
396.6147 
393.2133 
591.4002 
429.9491 
412.6860 
598.4372 
419.7986 
434.6386 
446.1094 
408.0517 
512.6426 
609.9521 
413.3220 
422.0679 
578.2638 
471.3644 
459.3619 
532.7422 
451.0285 
425.9721 
535.5498 
441.6445 
504.1247 
644.0271 
418.7053 
436.9347 
642.4917 
453.3154 
386.1011 
518.1811 
498.8373 
472.0415 
553.8536 
561.8038 
459.0308 
652.1196 
385.8509 
447.0259 
637.9676 
419.6516 
423.3551 
533.1516 
369.7964 
411.0770 
596.3033 
461.7800 
407.7744 
655.8319 
409.6504 
398.9266 
614.4607 
379.1535 
366.6509 
503.0254 
445.0479 
469.7523 
657.6396 
447.3038 
431.8624 
648.9105 
449.3869 
519.2880 
603.2240 
467.8712 
368.2083 
498.5596 
517.7877 
400.1821 
514.7562 
411.5275 
367.0083 
489.3880 
444.4551 
439.7904 
678.8265 
496.9998 
465.3468 
663.6380 
422.5187 
451.0221 
606.7869 
484.7338 
531.2583 
558.7070 
447.0020 
425.3745 
507.6381 
448.9815 
430.4921 
591.2589 
465.6756 
412.1762 
642.0336 
414.3935 
430.2151 
589.1751 
457.9068 
452.3050 
624.7567 
480.5979 
475.3357 
538.3143 
537.1494 
490.1300 
537.3436 
485.7207 
460.9003 
619.7287 
474.4485 
428.4958 
548.5367 
426.7456 
478.0771 
530.3909 
446.5831 
401.8574 
544.4371 
448.0795 
434.6830 
651.6737 
413.1828 
427.4373 
659.9565 
411.7317 
475.0872 
622.1056 
412.2399 
403.8146 
517.0889 
453.7255 
445.2000 
600.3705 
466.2971 
426.5641 
619.7692 
404.1538 
423.7546 
629.4225 
480.3042 
394.1696 
605.7395 
464.6746 
415.7176 
478.8358 
441.5841 
454.5592 
648.4117 
465.2628 
487.2663 
621.9916 
470.3206 
461.0404 
621.7658 
423.1199 
446.1635 
666.2688 
428.6324 
422.0758 
636.2685 
436.2494 
504.3134 
617.5562 
459.5269 
491.3505 
658.8979 
461.0870 
419.8721 
626.8936 
430.0097 
421.6773 
658.4594 
480.5164 
413.3458 
614.6388 
466.6487 
463.4426 
632.3281 
405.9946 
432.2452 
588.1410 
422.9736 
360.5692 
505.2606 
407.2391 
442.7619 
567.4864 
452.6505 
492.4008 
464.8124 
474.4399 
420.8133 
650.2865 
385.8096 
485.4699 
521.1681 
419.2842 
477.6831 
589.6868 
429.6686 
417.2826 
495.3256 
451.4045 
475.2931 
536.9994 
447.4926 
450.9793 
577.7846 
417.1302 
463.6045 
625.3799 
446.6938 
426.1169 
572.6974 
391.8452 
456.5030 
611.9420 
425.1094 
473.5563 
572.5828 
439.0238 
458.6302 
572.5750 
445.1517 
415.6775 
605.7182 
490.3800 
434.7833 
620.5336 
471.7727 
454.7067 
553.0895 
432.7942 
421.5886 
579.4818 
422.2282 
481.7178 
522.3230 
422.3842 
511.5558 
535.0301 
514.6567 
432.8426 
711.3978 
436.2114 
435.2372 
540.0080 
407.3378 
465.0464 
641.4563 
442.3450 
352.8455 
597.0021 
448.3878 
437.3002 
593.0039 
478.8573 
435.6908 
606.2428 
378.3047 
412.8756 
556.7290 
464.2333 
435.2579 
555.0920 
445.5059 
420.5599 
573.1086 
432.4228 
419.8147 
536.3051 
487.5620 
463.4591 
678.0816 
489.3105 
448.8687 
603.3196 
409.9872 
450.1682 
565.7323 
482.4092 
506.6293 
553.1328 
512.6374 
405.9861 
585.8873 
404.8944 
439.8868 
507.7046 
440.4293 
471.5176 
509.5585 
474.9298 
417.1845 
605.7049 
397.8403 
428.3698 
499.3888 
398.6559 
428.3174 
708.5543 
405.7004 
463.6189 
603.9049 
466.0139 
401.6568 
542.5307 
426.4051 
434.8615 
649.9917 
463.9662 
482.1592 
527.1231 
469.4148 
417.7766 
625.9905 
455.1115 
483.4203 
660.3802 
401.3274 
399.7251 
567.6717 
497.3152 
465.6067 
581.4718 
453.3126 
460.9674 
526.9718 
409.3078 
418.6499 
631.0953 
389.5306 
458.6433 
581.3520 
439.4733 
420.0935 
597.6252 
452.9314 
447.8534 
603.3241 
455.3583 
446.9085 
717.7057 
409.5170 
476.2752 
732.0458 
429.0220 
449.0256 
652.1640 
453.7691 
461.8771 
637.9265 
433.2229 
440.2296 
557.9151 
540.1145 
452.4223 
707.0589 
489.8938 
494.3515 
563.7880 
445.9121 
420.6524 
628.2735 
447.3878 
456.7626 
613.0022 
470.8861 
479.0639 
575.7402 
441.6977 
494.2017 
644.3075 
425.6109 
460.5932 
594.4395 
451.3705 
464.8491 
601.9866 
506.7641 
448.3137 
613.8535 
470.8725 
493.5209 
640.0896 
429.4402 
466.0145 
661.3245 
439.8773 
494.4046 
636.2813 
478.9930 
435.5448 
527.4475 
452.3547 
484.1445 
559.5292 
370.3826 
504.3589 
630.3805 
505.9913 
442.2754 
554.4659 
478.1221 
450.8514 
525.6467 
491.2465 
460.4271 
632.9409 
403.8193 
492.5382 
695.0349 
410.5241 
447.2225 
503.9659 
499.2399 
439.7426 
556.2572 
404.3783 
363.3832 
493.4585 
415.6345 
494.5343 
678.5040 
440.5043 
507.6661 
566.6274 
485.4877 
398.4049 
566.2945 
438.0211 
490.4971 
513.2057 
406.4943 
433.8828 
507.6322 
431.6349 
462.0622 
557.8228 
445.6255 
437.6598 
550.0600 
536.1713 
446.4723 
587.0607 
469.3876 
400.1509 
557.8674 
473.7787 
449.4557 
625.5008 
456.5728 
434.0467 
536.2460 
402.2201 
474.7412 
604.2951 
454.6747 
411.5621 
649.2250 
452.7015 
423.5219 
507.7168 
423.3818 
487.1760 
649.5920 
462.3603 
425.2234 
559.6522 
410.6641 
466.4385 
586.7743 
550.6244 
441.0312 
578.8696 
471.8326 
417.8283 
520.6892 
488.6110 
417.8765 
468.7946 
402.4476 
397.7936 
557.3316 
516.0315 
471.9303 
640.0357 
443.9854 
435.6100 
569.0738 
509.1905 
463.5559 
571.9267 
444.3879 
472.9814 
691.8942 
474.9010 
431.4977 
578.0258 
480.2243 
432.3716 
625.0116 
427.6477 
406.9572 
546.9693 
439.6100 
422.4360 
531.2528 
366.3112 
472.0134 
622.4970 
420.8073 
483.2964 
686.7359 
449.9146 
396.0719 
537.4832 
401.3930 
380.6177 
558.3045 
415.9718 
440.8008 
596.2997 
450.7186 
424.2716 
587.6728 
473.5355 
408.5192 
592.0047 
457.5288 
487.3401 
640.6007 
407.9713 
473.4718 
626.4244 
428.4964 
461.3563 
557.4264 
448.0478 
439.2973 
547.8698 
456.3812 
409.9895 
573.3921 
495.9683 
409.4970 
565.1528 
454.7482 
489.4028 
513.1921 
437.9772 
479.8207 
605.5802 
505.4768 
500.2167 
637.7661 
467.9376 
365.7951 
571.2410 
448.3950 
436.3463 
585.7610 
451.2283 
410.7362 
645.4700 
395.2713 
498.8445 
601.6517 
481.7061 
431.1045 
559.8979 
432.5358 
448.9061 
592.7875 
443.7056 
436.9994 
564.7757 
459.1875 
394.4344 
633.9116 
441.5546 
415.0028 
553.6908 
420.2294 
460.4928 
548.8606 
474.2597 
434.8197 
601.4204 
459.1350 
482.3205 
631.9372 
439.4303 
420.8542 
562.4382 
467.5491 
419.8132 
645.4229 
409.2887 
370.0535 
544.8720 
509.9290 
431.3578 
522.4544 
410.6210 
476.7391 
603.7203 
478.7731 
500.4118 
548.5515 
407.5073 
459.9935 
554.7028 
438.6628 
441.0967 
514.6621 
503.7015 
480.7277 
653.1291 
457.5066 
421.4728 
636.3676 
443.3516 
435.5948 
600.9433 
463.6951 
455.4298 
669.4367 
432.4746 
454.3022 
673.1566 
420.9422 
436.7005 
542.1652 
452.3224 
486.2073 
451.2661 
467.0473 
405.2016 
541.7973 
460.8972 
490.9866 
606.5483 
469.7407 
455.2324 
628.4384 
405.9779 
446.1264 
560.4676 
454.0232 
465.3169 
628.4750 
458.5963 
529.9141 
630.4817 
489.7735 
419.4259 
514.0597 
462.5298 
461.8968 
529.8232 
408.3151 
437.5615 
471.3032 
429.7659 
422.6880 
577.2009 
428.4111 
465.5210 
571.4996 
436.4882 
405.4309 
509.9776 
399.8796 
433.5669 
567.2538 
468.0512 
412.9420 
581.1989 
486.7035 
492.9890 
568.0446 
455.6569 
414.1044 
613.0072 
444.3423 
460.9125 
588.3468 
481.8233 
460.9454 
537.4530 
493.4241 
462.4210 
569.5004 
491.6440 
446.4978 
596.3026 
401.1383 
457.6304 
555.2939 
443.7958 
415.9579 
573.9759 
402.9093 
435.5795 
533.4695 
438.4111 
436.7215 
584.5483 
541.6569 
397.9162 
662.3368 
430.9668 
427.5369 
552.4849 
432.5028 
436.6373 
555.0128 
389.4221 
518.9655 
644.0536 
454.1914 
482.1217 
627.4307 
459.5124 
432.2561 
520.5950 
453.3999 
453.1461 
609.8130 
485.9236 
433.4892 
645.2169 
455.5876 
482.0069 
650.6780 
470.1246 
469.6855 
639.1236 
426.3325 
399.2778 
528.1540 
505.0127 
423.1285 
619.8293 
463.7117 
447.4948 
671.6589 
435.0281 
479.4506 
632.3926 
379.4068 
422.9375 
613.2430 
406.5476 
442.3067 
638.4344 
410.0616 
390.5134 
578.8434 
437.3738 
473.4270 
663.8074 
461.1374 
445.6435 
568.1018 
470.6117 
431.2185 
654.5407 
384.4655 
442.2173 
565.9643 
425.4137 
422.6672 
514.7548 
444.5185 
449.2461 
568.0063 
465.8714 
425.6039 
520.1653 
402.6575 
458.2650 
615.0762 
506.1105 
440.2746 
676.6361 
372.7973 
450.6669 
584.5906 
553.4581 
420.3069 
620.1410 
403.6256 
485.5779 
621.0999 
467.6732 
471.9600 
499.1215 
400.1759 
455.8249 
488.7014 
492.2784 
473.3138 
497.9361 
517.6801 
392.1550 
528.3165 
420.7225 
459.4280 
629.5088 
387.1865 
438.0699 
545.6007 
444.8730 
452.5677 
523.2261 
447.1182 
444.8776 
514.1349 
438.7485 
513.2403 
578.3328 
478.8295 
449.4472 
657.0227 
466.8917 
451.7342 
580.9555 
494.3610 
469.4302 
594.4186 
467.2092 
464.4090 
632.7380 
456.6164 
485.1324 
516.1300 
472.8819 
447.2649 
584.5872 
502.3679 
471.4287 
611.3857 
457.8063 
504.3096 
580.5798 
446.2679 
448.0304 
585.2919 
483.4875 
457.5183 
644.4970 
432.2356 
476.7768 
485.6884 
514.0414 
485.0856 
534.7225 
416.0296 
445.3199 
604.4963 
430.3594 
409.1198 
652.4753 
484.2051 
401.6657 
552.2651 
481.5864 
378.9281 
607.3186 
432.5381 
435.9331 
603.1740 
472.2654 
405.3097 
580.2107 
465.4740 
449.7846 
565.1786 
461.8341 
448.4194 
561.8662 
510.4219 
475.1656 
588.6635 
451.6024 
427.6061 
646.3379 
412.2299 
492.6238 
599.1184 
455.5839 
471.1389 
521.3547 
391.6107 
444.1980 
492.2619 
447.2767 
498.3129 
577.5704 
471.2378 
372.7919 
609.8770 
458.4827 
527.4948 
609.7637 
502.5569 
457.9547 
593.8944 
459.3238 
444.9890 
476.3045 
443.3571 
484.5067 
611.8166 
406.1924 
417.5987 
568.1210 
408.8776 
410.4024 
608.4357 
420.7164 
445.8302 
555.6848 
426.5958 
408.2363 
544.2678 
421.9471 
466.0529 
626.4101 
482.0134 
487.1979 
569.7013 
471.4050 
424.1275 
642.1032 
430.8143 
471.6804 
520.4528 
387.9419 
430.5225 
552.4898 
387.6504 
448.9614 
468.2244 
406.7358 
443.0484 
632.3117 
424.7057 
474.6172 
549.3264 
469.0960 
481.1469 
682.0151 
359.4789 
416.8683 
663.2806 
430.8631 
430.1859 
670.4314 
380.5110 
421.8384 
538.4260 
450.3550 
417.8896 
582.0903 
475.5540 
451.4376 
610.3907 
402.9015 
490.8110 
592.4219 
477.4015 
458.0643 
568.7406 
424.2142 
397.2722 
671.5880 
508.6314 
461.2233 
659.2973 
510.6922 
383.6544 
546.4549 
460.7397 
390.5841 
521.4466 
464.1700 
471.2355 
570.4865 
426.5016 
483.4857 
661.8663 
431.7393 
509.2454 
628.6218 
491.2302 
474.9098 
546.7629 
488.2479 
476.1008 
657.9307 
495.9796 
460.6183 
567.5135 
473.0457 
416.1106 
673.6935 
369.0380 
467.7592 
621.3042 
481.9592 
408.7006 
590.4202 
392.0462 
485.9036 
577.3543 
540.0469 
445.9709 
552.5429 
461.9092 
430.6142 
541.9126 
418.8478 
462.9285 
565.1801 
499.6087 
447.2720 
642.6201 
420.2620 
455.6321 
537.7093 
459.4795 
452.3692 
576.9122 
446.6544 
473.6284 
579.2092 
486.1610 
403.1930 
585.5341 
445.8331 
471.4834 
598.6283 
465.9750 
440.6082 
568.5940 
460.5413 
464.8181 
490.1228 
415.3863 
458.4490 
521.6517 
421.8860 
442.9648 
581.5390 
462.1303 
440.0570 
573.6989 
450.3273 
495.0924 
606.6686 
454.4608 
439.9586 
602.4941 
551.5099 
414.7101 
578.1516 
439.4305 
442.8469 
678.6164 
498.7631 
472.6200 
557.4029 
464.3652 
411.7361 
638.9819 
395.0393 
436.7219 
483.7657 
413.1968 
414.9445 
613.3030 
473.5092 
458.7968 
644.3309 
486.2805 
432.2052 
584.6862 
485.6006 
439.0357 
613.2522 
489.7410 
453.4299 
525.6557 
470.0794 
472.9629 
529.1843 
445.7206 
452.7647 
513.1372 
403.3666 
478.5783 
612.8461 
454.6239 
476.9595 
622.6431 
448.5744 
433.5248 
531.4175 
460.0528 
455.1425 
472.6632 
494.7745 
493.3417 
546.2250 
476.1040 
436.0579 
563.6454 
517.7830 
486.0503 
566.0974 
511.6625 
400.8573 
619.0977 
468.9502 
474.4114 
578.3417 
427.2083 
434.9526 
691.2018 
433.7190 
430.8402 
543.1645 
433.1607 
457.3611 
605.5352 
456.7460 
423.6884 
633.0103 
413.6448 
452.5555 
578.2250 
411.6266 
426.9798 
551.0146 
476.8728 
470.8402 
494.5610 
540.4579 
405.3247 
567.8086 
453.5236 
470.6251 
560.2970 
449.7883 
407.9262 
567.4364 
402.1330 
413.8617 
472.0935 
438.5702 
466.9237 
619.9302 
483.7695 
406.8846 
626.1191 
480.5380 
431.1661 
496.8746 
462.9196 
469.3421 
594.4778 
466.7785 
446.5969 
628.0859 
421.7622 
454.9973 
577.4246 
441.8917 
485.6019 
476.1520 
433.2387 
507.3926 
596.2787 
414.1190 
416.8288 
572.3417 
466.9372 
405.4709 
520.9523 
410.3861 
425.6401 
645.0949 
429.3543 
468.7544 
533.6124 
505.2534 
450.1445 
594.8483 
467.9595 
412.8794 
636.9857 
415.8422 
447.4855 
602.8991 
464.5303 
423.4484 
530.3779 
482.8208 
466.5908 
665.4291 
424.8226 
481.5778 
574.2447 
429.2580 
442.5464 
627.3887 
405.8081 
381.0142 
628.3255 
427.6794 
431.2319 
570.3451 
454.3058 
433.3589 
535.7181 
422.9627 
420.6721 
607.9807 
487.3906 
435.8710 
604.9658 
506.1195 
479.1968 
628.4799 
406.1486 
488.7667 
563.5462 
521.1901 
410.5381 
622.0167 
460.6652 
392.6887 
646.4715 
347.8466 
447.8848 
610.7346 
472.7350 
493.7872 
551.2979 
433.8688 
487.1011 
577.5218 
430.8268 
462.4915 
502.2488 
443.1510 
426.4898 
611.7105 
428.2590 
424.2274 
628.8368 
439.5030 
469.6713 
550.2487 
464.8737 
438.7956 
594.0239 
426.1923 
460.2451 
647.6221 
438.5782 
450.4262 
649.4782 
475.8412 
506.5306 
573.9366 
433.9163 
454.9719 
647.3795 
463.0415 
470.8818 
496.4308 
392.0334 
515.0964 
572.5382 
432.2038 
456.0407 
582.4159 
439.6009 
432.6019 
625.5753 
468.4959 
487.0546 
543.2610 
422.6215 
473.0744 
657.7240 
432.7502 
454.6780 
592.9185 
401.2730 
514.6607 
592.1180 
448.8521 
388.3356 
526.0242 
457.3233 
410.5899 
509.3108 
398.5921 
477.4939 
588.5737 
421.0927 
429.2535 
626.0442 
479.5075 
448.9190 
598.3146 
403.9469 
515.0192 
556.1863 
471.3798 
