243.8966 -332.1984 0.0234
2.7634 -359.5632 0.0156
358.6312 -330.1754 0.0625
9.8301 -320.5156 0.0000
319.6374 -372.0868 -0.0078
199.7567 -297.8628 0.0000
174.1150 -359.4248 -0.1406
18.8968 -333.8710 -0.1250
481.7317 -331.3856 -0.0312
224.2614 -326.9229 -0.0312
295.3746 -391.2557 -0.0156
27.3455 -316.2795 0.0078
311.4687 -372.2252 -0.0391
368.5255 -327.8850 0.0078
25.0641 -305.8772 0.0156
42.6613 -363.5027 0.0547
302.8545 -390.7322 0.0234
232.0723 -368.0731 0.0547
213.1167 -338.4194 0.0703
319.6746 -395.5249 0.0391
9.6377 -356.1200 0.0859
28.7483 -367.3206 0.0078
315.4020 -393.0040 -0.0156
248.4940 -349.1178 0.0625
12.1360 -372.7268 -0.1328
120.6017 -383.8383 -0.0859
454.9578 -312.8141 0.0234
339.3612 -411.5292 -0.0547
51.8366 -361.0029 -0.0703
335.4963 -338.9231 0.0000
248.9921 -363.2733 -0.0625
399.1926 -368.9216 -0.0156
31.1535 -301.9007 -0.0234
15.3552 -340.9226 -0.0781
507.5523 -301.6400 -0.1172
220.0667 -346.7983 0.0000
73.2271 -352.1833 0.0156
347.2642 -350.4962 -0.0078
243.9837 -364.2258 0.0391
237.1184 -328.7085 -0.0078
339.6613 -385.5914 0.0000
19.1002 -328.2020 0.0234
295.5061 -299.1453 0.0391
307.5949 -334.5378 0.0156
30.1368 -298.5975 0.0312
299.2537 -318.0873 0.0156
308.8504 -342.4419 0.0234
5.2595 -335.7171 0.0625
343.0306 -348.6001 0.0859
24.3540 -339.8368 0.0703
442.2521 -309.1874 0.0625
275.0977 -367.1954 -0.0156
41.9985 -345.9537 0.0078
343.2483 -307.3247 0.0312
321.4350 -311.0320 -0.0312
325.5701 -383.8385 0.0312
8.3735 -300.6839 0.0938
18.6660 -305.1859 -0.0156
363.4504 -301.5457 -0.0156
219.7112 -317.8845 0.0156
230.3812 -355.2398 0.0234
356.7814 -382.3167 0.0547
15.8381 -315.9250 0.0781
10.0590 -359.3908 0.0234
131.9375 -352.6182 0.0156
492.5304 -298.0431 0.0703
279.4457 -321.6543 0.0391
373.0546 -357.3147 0.0703
11.1767 -297.8044 0.0859
254.7859 -293.8031 0.0703
315.2802 -333.0416 0.0312
29.6250 -283.2939 0.1328
306.3959 -357.8860 -0.0469
346.7725 -411.2777 -0.0391
31.8651 -349.3469 0.0156
298.0748 -306.2808 0.0859
367.4518 -292.1275 0.0391
6.6836 -313.0276 0.1016
215.2551 -333.2276 -0.0391
39.3471 -376.9795 -0.0391
323.1624 -308.7593 0.0469
25.0250 -312.8211 -0.0312
397.8485 -334.0641 -0.0703
244.3515 -324.7953 0.0000
41.5995 -356.0094 -0.0156
124.4788 -384.5157 -0.0156
499.8562 -353.9915 -0.0156
33.8694 -367.5323 -0.0234
130.1078 -375.7693 -0.0312
450.9893 -319.1264 0.0391
15.8059 -376.8658 0.0000
140.6311 -378.8206 0.0000
370.1714 -326.3617 0.0625
221.2767 -345.7489 0.0000
307.7057 -407.7448 0.0391
36.8789 -365.7963 0.0625
20.9927 -376.2385 -0.0234
158.9809 -351.0637 -0.0312
443.9097 -351.9917 0.0078
317.2116 -326.6332 0.0469
348.1379 -334.7618 0.0703
22.6071 -296.4212 0.1016
30.4140 -308.5792 0.0156
275.7934 -379.4896 -0.0312
220.5571 -326.4198 -0.0234
321.2719 -340.6313 -0.0078
317.4032 -313.3597 0.0625
57.4211 -328.8284 0.0781
140.3000 -387.9337 0.0312
55.1828 -331.9055 0.0234
534.1266 -334.0690 0.1328
18.0924 -357.3942 -0.0234
148.5991 -364.6478 -0.0469
384.9179 -313.5236 0.0156
34.3166 -318.4788 -0.0469
192.1125 -374.3241 -0.0469
413.4689 -293.5332 -0.0312
48.7503 -270.2406 0.0312
386.1259 -315.1927 0.0000
361.9883 -248.4998 0.0547
232.3967 -345.5631 0.0391
308.7670 -381.0053 0.0234
14.1431 -338.1289 0.0234
171.1524 -369.9340 -0.0781
29.0154 -303.5882 -0.0625
490.0742 -290.7823 0.0000
281.2671 -352.0473 0.0312
281.4530 -404.3224 0.0234
23.5742 -336.2615 0.0547
143.4479 -362.1308 -0.0234
26.8534 -348.5492 -0.0391
442.7507 -329.8990 -0.0156
244.7429 -347.7102 -0.0078
360.6079 -349.3220 0.0312
34.4927 -318.5193 0.0156
38.5087 -280.8935 0.0078
335.5478 -345.5680 -0.0156
270.3624 -279.9428 0.0312
141.8217 -304.1468 -0.0312
10.9548 -343.9750 -0.0312
507.0427 -295.7667 0.0547
17.9379 -372.8574 0.0234
293.9390 -343.3879 -0.0391
227.6749 -384.9655 0.0469
30.2925 -296.5669 0.0234
343.0303 -386.7830 0.0078
265.7248 -314.9945 -0.0156
157.8065 -327.8070 -0.0078
26.5374 -303.4029 -0.0469
456.3891 -296.0588 0.0312
175.8642 -343.3584 0.0391
29.4724 -351.1145 0.0312
467.5840 -305.6766 0.1094
331.5951 -313.7505 0.0547
350.6939 -309.1377 0.0078
57.2808 -250.4154 0.0859
302.4716 -365.3002 -0.0938
325.4564 -328.0702 0.0000
10.6350 -302.3041 0.0000
326.8821 -324.7374 0.0078
308.2924 -315.3698 -0.0234
31.3707 -284.3304 0.0156
295.8240 -350.9058 0.0625
361.8380 -359.5772 0.0469
6.0698 -317.4284 0.0703
279.3350 -309.4659 -0.0703
66.6418 -304.1340 -0.0547
384.0209 -283.2482 0.0234
188.5541 -346.7706 -0.0234
282.8065 -387.7169 -0.0781
42.4044 -377.9467 0.0000
297.0536 -270.9620 0.0703
357.9173 -329.4268 0.0078
18.9791 -233.3151 0.0703
0.0000 -343.3319 -0.0625
152.3277 -349.4264 -0.0391
468.6129 -293.1802 -0.0391
29.5433 -386.3945 -0.1250
98.5367 -363.2906 -0.1094
451.9773 -348.8646 -0.0547
30.0404 -309.7546 0.0391
248.8472 -348.5912 0.0156
212.0592 -299.8081 0.0703
26.8097 -322.8583 0.0078
375.9125 -295.1138 -0.0781
255.5004 -319.9623 0.0625
162.6034 -334.4543 -0.0312
22.3938 -316.7967 -0.0156
527.7962 -333.6730 0.0000
24.4079 -344.0503 -0.0078
322.4532 -385.2246 -0.0391
220.8249 -358.5535 0.0000
312.8861 -351.3757 -0.0156
326.1368 -357.8156 0.0078
24.6274 -314.5963 0.0547
291.3780 -340.6089 0.0156
278.1902 -379.1885 0.0234
38.3246 -348.7237 0.0469
274.9276 -383.0523 0.0000
42.5897 -415.1217 0.0391
325.8181 -387.7259 0.0625
314.2751 -342.5041 0.0078
299.1937 -392.8249 -0.0234
0.0000 -323.5652 0.0625
41.6457 -331.2251 0.0312
331.4819 -353.0074 0.0469
264.3719 -303.5728 0.0625
108.5821 -392.0063 0.0312
39.1947 -367.0207 0.0391
467.4233 -335.5968 0.0859
320.5300 -347.6698 -0.0469
303.1858 -392.5465 -0.0469
18.0358 -301.8312 0.0234
240.9776 -358.8298 -0.0391
363.8963 -391.0864 -0.0312
50.1772 -354.8056 -0.0234
231.7867 -357.4974 -0.0078
22.0977 -362.8782 0.0156
368.3644 -341.3358 0.0312
242.7553 -345.3953 -0.0234
396.7755 -360.7486 -0.0156
17.4728 -326.0582 0.0156
277.5842 -349.0355 -0.1094
29.7180 -369.7449 -0.0547
396.5653 -301.9876 -0.0078
245.2345 -378.6698 -0.1016
37.5510 -400.4642 -0.0547
338.3230 -347.6792 -0.0156
335.1176 -377.5847 -0.0547
33.3379 -382.2187 0.0078
352.2467 -334.9080 0.0469
349.2610 -335.1520 -0.0469
22.7642 -322.2032 -0.0078
348.7164 -271.7453 0.0312
55.2542 -302.2272 -0.0078
301.4686 -392.9337 -0.0625
279.8737 -294.6826 0.0156
307.6765 -387.4039 0.0391
282.8226 -394.4619 0.0703
22.9901 -368.9079 0.0625
168.2707 -348.2639 -0.0391
19.8150 -338.9358 -0.0469
463.2337 -295.6741 0.0391
291.1459 -298.1191 -0.0156
359.5845 -310.7942 -0.0391
16.0525 -289.9639 0.0000
264.7919 -389.3402 -0.0156
22.2796 -370.5639 -0.0312
381.1257 -338.6396 -0.0078
287.2296 -375.5641 0.0156
20.0356 -395.6601 0.0781
361.6926 -312.8737 0.0781
160.4436 -371.0381 -0.0703
24.4938 -317.8099 -0.0938
494.4758 -290.4414 -0.0234
15.7604 -383.2828 -0.0234
126.6059 -353.6520 -0.0234
431.5588 -278.9587 0.0156
137.8867 -321.4301 0.0156
22.1374 -313.0135 -0.0156
452.2994 -298.3262 0.0234
299.0921 -322.1638 0.0312
395.9406 -335.9063 0.0078
37.9958 -268.4027 0.0547
221.2330 -380.5613 -0.0547
19.5631 -365.5367 -0.0312
363.4319 -332.8650 0.0000
199.6693 -402.4656 -0.0312
18.6290 -341.1594 -0.0547
551.1405 -315.1192 0.0156
37.2940 -302.7563 0.0703
334.8689 -353.8925 0.0156
248.5864 -279.6022 0.0625
238.5008 -341.3086 -0.0391
438.7514 -334.8491 0.0156
44.4641 -334.9386 0.0156
48.0070 -382.9862 -0.0156
421.3574 -395.3838 -0.0234
215.2071 -358.3200 -0.0234
176.1808 -372.7860 -0.0547
20.0124 -328.2675 -0.0859
465.5364 -337.5698 0.0156
228.0037 -343.1997 0.0312
411.9468 -361.2551 0.0234
23.8777 -326.8177 0.0391
247.4705 -361.2537 0.0078
382.7030 -373.3045 0.0234
28.8866 -334.6181 0.0469
29.0103 -295.4849 0.0156
373.7304 -332.7951 -0.0156
225.7930 -266.6920 0.0703
5.2199 -319.9601 -0.0234
420.4076 -337.0758 -0.0156
240.9444 -360.0683 -0.0312
262.0585 -376.8240 -0.0156
432.2802 -337.3252 0.0156
10.8692 -338.1214 0.0000
279.2396 -345.8995 0.0078
310.7072 -359.2920 -0.0078
21.6053 -310.9865 0.0234
15.1904 -395.0752 -0.0234
117.5363 -377.7956 -0.0078
411.1963 -353.5956 0.0703
268.2272 -342.4049 -0.0078
18.9196 -377.4630 0.0469
331.3418 -321.4221 0.0625
16.6329 -290.8578 -0.0391
215.3880 -309.4848 -0.0547
511.9694 -313.5060 -0.0078
104.1364 -369.3028 -0.0078
24.7744 -338.0734 -0.0078
513.7696 -302.2544 0.0859
242.4795 -341.4779 0.0156
336.7114 -385.9057 -0.0234
28.0683 -306.8984 0.0547
31.5955 -327.7314 -0.0156
381.9104 -327.8587 -0.0625
229.6331 -330.5092 0.0000
25.5854 -395.1570 0.0547
126.4625 -406.2769 0.0625
397.9048 -344.9267 0.0781
69.7104 -360.7140 0.0156
111.3531 -343.4384 -0.0312
438.2190 -324.3542 0.0781
329.8056 -329.7479 -0.0078
307.9673 -383.3601 0.0781
19.1750 -326.8048 0.0625
41.6624 -378.7610 0.0156
312.3136 -409.9564 0.0078
189.4984 -377.3777 0.0156
324.9289 -308.1610 -0.0156
308.8325 -336.3990 0.0000
20.4626 -306.6835 0.0312
296.4636 -339.3948 0.0078
432.7905 -341.5527 0.0312
27.4571 -289.7869 0.0391
242.3731 -369.2383 0.0312
397.6173 -365.8628 0.0234
17.4680 -341.9698 0.0625
299.1462 -338.5858 0.0547
286.1129 -415.8895 0.0156
14.4145 -351.6228 0.0703
30.4463 -395.7083 -0.0078
107.9356 -394.6255 -0.0625
414.1745 -327.8778 0.0078
244.9016 -328.5276 0.0312
316.7318 -358.7921 0.0234
41.9700 -254.2039 0.0781
273.6344 -381.5750 -0.0781
16.0664 -329.6091 -0.0703
416.3117 -277.0102 -0.0547
15.9033 -363.7846 0.0312
336.2331 -375.4875 0.0156
225.4859 -327.8426 0.0000
326.7185 -376.4638 0.0859
336.7113 -440.2317 0.0703
24.2262 -347.0803 0.1016
233.2250 -371.9554 0.0234
301.8500 -413.9533 0.0156
9.8660 -350.0953 0.0625
71.1517 -338.7893 0.0234
315.3729 -312.8607 0.0000
282.6106 -328.4380 0.1172
151.1241 -405.0458 -0.0391
26.5479 -391.5263 -0.0781
449.3894 -406.9690 0.0234
354.5890 -313.1603 -0.0469
446.2435 -324.2633 0.0469
66.0557 -297.6836 -0.0234
38.9414 -352.2477 -0.0469
165.2366 -367.0629 -0.0859
434.5040 -288.1415 -0.0078
147.4856 -364.1553 -0.0703
25.8304 -340.6559 -0.0078
426.8820 -325.3171 0.0312
319.6160 -302.6710 -0.1094
401.6799 -327.5958 -0.0703
47.3900 -301.3413 -0.0156
271.7062 -305.5226 0.0234
307.9600 -336.3033 -0.0078
0.0000 -314.0986 0.0469
132.2072 -349.4033 0.0000
18.5494 -365.7923 0.0000
456.8655 -307.5340 0.0625
281.5086 -373.3682 -0.0391
15.1602 -404.3526 -0.0547
322.2529 -367.8825 0.0156
267.7781 -338.0586 0.0312
335.8991 -354.9778 0.0469
37.7582 -313.0738 0.0625
18.6359 -357.4182 0.0000
161.1400 -355.1523 0.0078
366.8180 -316.6150 0.0312
8.9234 -332.3076 -0.1172
358.2216 -337.0081 -0.0938
250.9947 -328.6199 -0.0938
21.4419 -315.7992 -0.0156
154.1669 -325.2665 -0.0234
470.7271 -319.4206 0.0234
313.5368 -318.9215 -0.0078
343.4415 -371.0324 -0.0312
16.7461 -312.0633 0.0469
219.4731 -306.6945 0.0078
352.1149 -382.6002 0.0156
30.7020 -280.9764 0.0469
310.4623 -347.4499 0.0391
331.2325 -362.6052 0.0312
34.4921 -281.4438 0.0859
333.8000 -377.3378 0.0234
276.7501 -391.7624 0.0234
37.6166 -334.3339 0.0547
116.8237 -361.5927 0.0000
37.1927 -318.2080 -0.0156
466.3139 -322.6855 0.0781
10.1190 -335.1671 0.0000
363.8195 -349.9845 -0.0312
205.0081 -358.4547 0.0547
306.6462 -342.4375 0.0547
310.5275 -459.3043 0.0547
30.2005 -361.7588 0.1016
104.5722 -342.0544 0.0234
41.3881 -317.9872 -0.0078
547.5275 -300.7882 0.0938
126.3650 -335.6529 -0.0312
25.7074 -299.1502 -0.0469
527.5420 -296.1579 -0.0312
23.3310 -332.8527 0.0156
316.3719 -407.6971 0.0234
243.4139 -349.9321 0.0859
102.2351 -424.5433 0.0156
27.0496 -411.5740 0.0078
478.9263 -362.3078 0.0859
260.8456 -348.7330 -0.0625
44.1543 -352.0566 -0.0078
352.1894 -318.7210 0.0156
35.6733 -340.0720 -0.1094
211.4346 -338.3833 -0.1094
368.7822 -312.2232 -0.0078
286.7542 -335.5013 0.0000
33.3521 -340.2016 -0.0469
319.0529 -289.1242 0.0547
17.3885 -340.9060 -0.0547
154.0136 -363.2004 -0.0391
474.1661 -283.6300 0.0391
30.7625 -344.1058 0.0234
296.5200 -385.4660 0.0391
245.6596 -319.9662 0.0625
23.9306 -362.2684 -0.0312
186.4674 -382.7853 0.0234
461.8314 -299.4341 0.0391
14.4960 -371.1853 -0.0625
156.5500 -368.8429 -0.0469
476.4393 -354.6888 -0.0312
21.3963 -347.8833 -0.0547
203.9605 -367.4333 -0.0234
354.0527 -348.4896 0.0000
223.2573 -366.0553 0.0703
317.5579 -363.1572 0.0078
9.8178 -375.5765 0.0625
244.2957 -327.0953 0.0156
361.8428 -347.2586 0.0312
36.1627 -343.4128 0.0234
171.8029 -330.8415 -0.0781
20.6009 -318.8470 -0.1094
459.3452 -309.2670 0.0078
301.8391 -383.1424 0.0312
23.0732 -368.0046 0.0156
339.7188 -316.3856 0.0781
34.1474 -361.8392 0.0391
318.6284 -427.7627 -0.0234
263.4607 -337.4137 0.0078
15.4294 -300.2901 -0.0859
201.5541 -325.1002 -0.0859
486.0326 -296.9732 -0.0859
35.9051 -371.3601 0.0469
285.2479 -340.2986 0.0703
228.3907 -359.9755 0.0312
45.7307 -318.4866 -0.0547
385.0317 -332.6985 -0.0859
273.9018 -306.6574 -0.0078
15.5386 -347.5572 0.0156
293.9456 -347.5857 0.0234
236.7096 -304.2527 0.0703
281.5988 -358.3799 -0.0625
15.6042 -347.0048 -0.0547
384.6632 -317.4056 0.0078
10.1651 -326.6417 -0.0938
198.6531 -349.4553 -0.1250
400.1609 -311.5346 -0.0469
43.3091 -288.5012 0.0000
377.3166 -303.0812 -0.0156
244.2281 -266.6915 0.0625
23.4882 -368.2090 -0.0078
359.3034 -387.2804 -0.0391
276.1989 -374.0722 0.0547
339.6823 -412.6292 0.0078
54.1240 -339.4198 -0.0078
381.8145 -300.9502 0.0312
47.3033 -346.7213 -0.0469
187.0529 -358.9322 -0.0547
410.2556 -316.6461 0.0391
4.5739 -381.7719 -0.0234
174.2795 -365.1593 -0.0469
440.6179 -356.1183 -0.0078
27.3830 -351.8495 0.0391
275.9359 -393.3887 0.0312
209.8667 -333.3179 0.0859
317.0130 -338.8733 -0.0078
22.5290 -308.4317 0.0234
347.1892 -331.4059 0.0781
136.1724 -367.0474 -0.0156
13.7976 -348.8766 -0.0156
527.6509 -327.3272 0.0312
23.6462 -348.3949 -0.0078
324.6560 -381.8887 -0.0312
264.7701 -291.5756 0.0156
160.2816 -383.5420 0.0000
22.9669 -336.4295 -0.0234
508.9304 -249.1273 0.0547
158.6673 -378.8175 0.0078
22.4078 -340.5947 0.0234
489.0520 -310.9742 0.0625
166.7931 -382.7775 -0.0781
31.7968 -400.8079 -0.0703
442.9800 -363.7666 0.0078
194.3272 -381.7074 0.0156
52.1701 -343.1782 -0.0234
477.9343 -384.2695 0.0156
316.3833 -340.7367 -0.0703
317.5274 -331.8230 -0.0234
35.5194 -292.7772 -0.0391
269.8051 -335.2799 0.0469
349.5126 -346.5883 0.0156
18.7839 -327.9672 0.0312
33.0373 -343.9571 -0.0078
323.8892 -370.4811 -0.0312
271.8514 -360.5836 0.0312
126.7693 -401.8446 0.0625
4.7970 -415.5197 0.0547
426.0666 -336.6259 0.1172
342.4366 -352.9325 -0.1250
36.2856 -353.7745 -0.0391
350.8986 -339.2344 -0.0078
374.5945 -324.2336 0.0078
321.9736 -298.2418 0.0078
26.9044 -294.5545 0.0078
275.6345 -349.3278 -0.0312
36.3714 -339.8639 -0.0391
372.8323 -316.7342 -0.0078
266.0546 -345.6154 -0.0156
459.9590 -386.9657 -0.0156
43.6691 -310.5168 0.0625
140.1896 -369.0714 -0.0234
22.9347 -347.1668 -0.0938
526.4241 -306.2597 0.0234
22.4400 -370.8694 -0.0156
335.0683 -384.9906 -0.0469
206.0263 -320.7474 -0.0078
276.9865 -364.8369 0.0391
49.9696 -397.1017 0.0156
362.4057 -316.2697 0.0859
318.3543 -344.0323 -0.0078
35.9866 -381.2055 0.0156
392.8809 -284.4673 0.0703
72.5050 -320.3445 0.0000
177.2898 -313.4045 -0.0312
476.7698 -303.9612 0.0469
18.1578 -347.2616 0.0391
167.1564 -378.5493 -0.0156
450.7203 -301.6533 0.0703
23.4454 -371.6301 0.0078
115.3519 -379.8101 -0.0078
466.5147 -366.9478 0.0938
310.5661 -340.3506 0.0469
331.9191 -359.8715 0.0156
22.4020 -280.1223 0.0625
214.7367 -315.4374 0.0000
414.9834 -315.6561 0.0000
11.5099 -301.6278 0.0156
36.3286 -321.3059 -0.0547
388.4931 -374.0953 -0.0234
200.7888 -333.7103 -0.0469
10.4500 -343.8088 -0.0547
228.3125 -311.2167 -0.0547
411.2447 -333.1930 -0.0156
265.7236 -314.7072 -0.0391
48.4754 -346.9497 -0.0078
309.4942 -318.3596 0.0234
154.4470 -368.1159 -0.0703
20.8041 -326.8301 -0.1016
475.7308 -298.3968 0.0078
313.0451 -324.4818 -0.0156
316.3794 -363.5303 0.0469
23.6916 -297.5372 0.1094
229.2025 -330.6197 0.0312
377.4961 -382.4708 0.0391
24.6564 -326.3109 0.0312
15.8686 -306.5144 0.0234
202.0871 -342.1952 -0.0312
469.4117 -282.6284 0.0391
230.1445 -364.2591 -0.0938
30.0710 -380.6467 -0.0312
341.4672 -344.1790 0.0234
31.1990 -350.3082 0.0312
143.1605 -374.0991 0.0547
432.0027 -327.3830 0.0703
251.0517 -360.5481 -0.0312
391.3761 -348.8444 -0.0781
28.1441 -315.9624 0.0000
35.6525 -362.5749 0.0703
315.0830 -361.3985 0.0469
243.5221 -337.3585 0.0938
32.6823 -328.4161 0.0156
329.6118 -339.8077 0.0000
178.5931 -331.3460 0.0703
296.0698 -374.4412 0.0469
343.6771 -418.2415 0.0234
27.9476 -341.0997 0.0859
309.0039 -410.4978 -0.0078
66.2541 -348.6471 0.0078
343.5717 -356.1009 0.0391
5.2252 -295.2736 -0.0312
329.5416 -372.6186 -0.0547
228.1549 -299.3290 0.0000
326.6912 -301.5687 -0.0391
330.9602 -328.5529 -0.0156
49.2421 -280.2359 0.0312
254.9100 -380.3484 0.0312
345.0159 -386.2469 0.0938
0.0000 -345.0562 0.1016
235.7461 -336.5364 0.0703
383.6097 -399.2940 0.0469
22.8644 -322.5241 0.1016
280.8356 -330.2996 0.0469
310.9620 -399.0627 -0.0156
13.0442 -321.1368 0.0547
315.2613 -364.9998 0.0312
331.9231 -410.6354 0.0391
30.9147 -327.0576 0.0859
95.7565 -378.1921 0.0234
13.2042 -387.0895 0.0312
497.5534 -357.5453 0.0859
230.2783 -338.0634 -0.0156
349.2589 -389.2514 0.0234
9.5243 -304.5502 0.0312
20.3897 -391.4277 -0.0312
165.8279 -386.8578 -0.0234
392.0021 -358.9733 -0.0078
231.8922 -347.5583 0.0078
442.4322 -357.5764 0.0000
25.4669 -329.7932 0.0156
221.3223 -353.2393 -0.0312
377.5264 -341.0918 -0.0391
6.2722 -340.6055 -0.0156
248.4128 -342.4280 0.0391
333.9843 -365.8078 0.0156
14.0154 -343.4072 0.0469
20.3981 -375.6331 -0.0078
160.2384 -359.2708 -0.0312
384.7824 -330.8227 0.0078
323.6032 -297.7440 0.0469
292.4928 -325.7823 0.0859
17.4129 -272.8081 0.0938
34.3945 -350.7861 0.0234
165.0189 -353.7832 0.0312
419.3117 -315.8807 0.0547
22.1010 -374.3302 0.0156
329.6083 -344.7569 -0.0391
201.6421 -351.7843 0.0312
315.1110 -289.9129 0.0625
361.7291 -380.5431 0.0156
43.3985 -256.0002 0.1250
248.8603 -343.7231 -0.0312
317.0040 -381.8140 -0.0078
2.3821 -332.8135 0.0000
37.6686 -322.8732 0.0078
162.3246 -358.6508 -0.0234
377.0104 -302.9749 0.0391
287.9035 -350.7998 -0.0234
29.0476 -410.8976 -0.0156
294.2403 -351.0094 0.0312
10.9067 -372.6005 -0.0469
169.1888 -338.0072 -0.0391
422.5707 -334.6778 0.0156
229.0577 -332.4324 0.0000
347.9516 -362.9539 0.0703
39.3998 -313.6902 0.0703
239.5920 -307.3365 0.0312
387.5830 -356.3973 0.0547
18.1702 -263.4480 0.0938
43.1014 -364.8202 0.0000
109.3841 -382.4877 0.0078
454.1129 -345.3674 0.0781
282.8700 -388.8962 0.0312
20.1106 -370.6562 0.0781
415.3398 -264.0598 0.0938
36.9853 -335.0267 -0.0469
334.0225 -360.8536 -0.0547
304.3683 -315.1816 -0.0312
172.9501 -355.2393 0.0078
10.0381 -359.6284 -0.0234
418.7476 -327.0135 0.0312
324.1620 -352.9424 -0.0312
24.8974 -345.7256 -0.0625
411.6483 -327.6177 0.0000
368.9674 -310.6142 0.0234
369.5495 -333.1407 0.0078
11.2374 -293.5239 0.0859
264.3076 -370.1696 -0.0547
26.9295 -386.2732 0.0312
320.5586 -314.8882 0.0391
36.7218 -373.2024 -0.0078
305.6665 -372.0798 -0.0547
247.7943 -362.4031 0.0000
25.7524 -384.1855 -0.0391
131.9915 -379.7627 -0.0391
398.4564 -353.1869 0.0000
259.3427 -308.1197 0.0391
304.0272 -362.6626 0.0391
41.6176 -294.1305 0.0938
26.8051 -378.0473 0.0312
199.4564 -371.0184 0.0078
427.8575 -349.7654 0.0312
349.9570 -333.6050 -0.0312
370.8643 -351.8964 -0.0078
20.7770 -288.1973 0.0156
21.4210 -352.1133 0.0312
307.5816 -332.5555 -0.0078
302.9111 -330.8352 0.0859
261.5157 -356.9338 -0.0312
384.0540 -351.0502 0.0469
6.8977 -354.8734 0.0547
229.0601 -351.4165 -0.0391
369.0716 -381.4438 -0.0391
21.3782 -317.5266 -0.0781
11.3671 -363.7968 0.0312
313.9847 -361.6839 -0.0312
232.9383 -349.8149 0.0312
246.8729 -343.5358 0.0078
318.5136 -384.3671 0.0703
20.8294 -347.1576 0.1094
15.4484 -325.0582 0.0469
356.8237 -324.1529 -0.0078
249.0481 -291.9388 0.1016
33.7205 -292.6133 0.0156
314.0767 -338.7405 0.0234
318.9478 -310.4736 0.0625
290.9791 -327.0339 0.0234
22.6737 -359.3487 0.0078
365.0995 -299.0410 0.0469
236.3877 -330.9134 0.0703
355.8680 -354.3017 0.0781
14.9258 -296.1824 0.1094
120.2472 -366.9080 -0.0312
5.6605 -350.6513 -0.0547
473.9333 -312.1275 -0.0156
218.2116 -350.8875 0.0234
333.5388 -341.1700 -0.0078
15.1003 -299.5957 0.0391
260.0578 -342.7547 0.0234
386.6845 -384.6307 0.0547
4.9592 -326.3886 0.0312
257.8435 -346.4731 -0.0625
27.6124 -368.1950 -0.0469
365.5146 -297.5130 0.0078
5.1569 -374.2892 0.0312
113.4960 -361.4203 0.0156
416.0640 -347.4019 0.0781
270.2659 -328.5162 0.0000
298.3749 -365.4612 -0.0156
11.6073 -331.1787 0.0312
121.0906 -326.3645 -0.0312
26.5774 -317.1339 -0.0625
549.8750 -299.5966 0.0000
339.2613 -381.3496 0.0000
16.4384 -426.5979 -0.0312
267.2128 -357.7796 0.0234
155.9141 -349.1242 0.0391
20.8569 -346.3931 0.0000
527.3399 -306.2550 0.0234
181.2057 -331.9026 0.0078
14.0880 -313.8003 0.0312
496.2331 -296.1436 0.0781
166.2650 -366.9263 -0.0625
61.1970 -379.1391 -0.0391
413.0026 -361.6311 0.0703
264.2702 -337.0087 0.0703
464.7798 -376.6273 0.0781
25.4558 -297.8694 0.0625
6.7272 -359.9151 -0.0625
169.8464 -362.7028 -0.0469
488.3188 -329.4157 0.0000
181.6401 -315.5841 -0.0625
15.8700 -317.9066 -0.0859
491.3194 -274.9950 -0.0078
16.8633 -408.1778 0.0156
110.2694 -408.9532 0.0078
403.7022 -403.1338 0.0469
272.5110 -342.6710 0.0000
379.4146 -376.7019 0.0000
23.3625 -329.0480 0.0547
22.5675 -363.2400 -0.0156
158.4641 -357.9792 -0.0078
364.2600 -317.6539 0.0312
199.5993 -370.4374 0.0234
312.6472 -399.1795 0.0625
35.7012 -372.4598 0.0938
37.4857 -361.1528 0.0078
277.2492 -398.9087 -0.0234
268.7362 -330.1519 0.0234
255.6846 -332.9862 0.0000
412.0836 -360.0607 -0.0078
18.3643 -339.3925 0.0000
254.2763 -295.3246 0.0234
414.0220 -349.7904 0.0078
36.5348 -312.9554 0.0078
312.6291 -354.7768 0.0547
278.7047 -386.5594 0.1250
11.8774 -339.5967 0.1562
256.0616 -327.8272 0.0547
283.2907 -382.4937 0.0625
10.2839 -320.8457 0.0938
11.7819 -364.8975 0.0156
142.4086 -356.0155 0.0234
431.3199 -326.7836 0.0703
246.9547 -390.9040 -0.0312
33.7547 -362.6558 -0.0156
381.6469 -320.5625 0.0312
34.8046 -312.2375 0.0000
297.8340 -356.8204 -0.0391
243.9628 -303.1681 0.0391
165.6941 -364.0584 0.0000
5.0762 -382.2538 -0.0234
449.3399 -349.6568 0.0000
33.1395 -371.2904 0.0234
122.2408 -396.6118 0.0156
499.4418 -301.6375 0.0469
135.8135 -358.2626 0.0156
22.5221 -351.4212 0.0156
502.3995 -345.7505 0.0469
326.4616 -263.8607 0.0000
306.8382 -343.6436 0.0469
14.9296 -275.3267 0.0234
239.8092 -310.4165 0.0859
364.8454 -384.5162 0.0469
17.8923 -333.8650 0.0859
128.9955 -339.5408 -0.0547
5.0469 -346.6342 -0.0391
489.7829 -301.9393 -0.0156
13.6101 -336.2911 0.0156
360.0154 -331.1492 -0.0859
228.8575 -307.1525 0.0000
224.6628 -376.8292 0.0078
19.9638 -374.7462 0.0156
343.9346 -276.6880 0.0547
26.4482 -347.5425 0.0156
373.5988 -354.3600 -0.0078
217.3311 -311.8883 0.0391
286.6458 -386.6532 -0.0391
31.6193 -395.2870 0.0000
277.8787 -338.8501 0.0469
11.3830 -384.0247 0.0312
272.8672 -377.6249 -0.0234
253.2837 -380.4419 0.0625
164.0727 -388.2838 -0.0391
22.0448 -361.2876 -0.0469
561.4769 -395.6063 0.0078
238.6335 -338.7057 0.0078
275.9067 -375.2209 0.0469
24.9653 -350.2881 0.0859
268.5525 -390.7121 0.0703
273.0204 -420.3620 0.0156
3.7050 -366.1466 0.0938
296.3518 -337.0842 -0.0078
288.8627 -397.1431 0.0078
49.8937 -352.6246 0.0547
40.8248 -344.1097 -0.0547
142.6849 -340.4311 -0.0547
480.8493 -321.5152 -0.0234
263.9029 -311.5385 -0.0078
362.0135 -363.2823 0.0156
26.6714 -333.3034 0.0000
33.0752 -350.9282 -0.0078
353.7932 -364.4452 -0.0312
255.0597 -327.6557 0.0312
253.5332 -374.6311 -0.0469
36.7341 -374.2552 -0.0781
357.2035 -352.6877 -0.0156
333.1230 -356.6450 0.0312
382.0093 -364.6802 0.0312
28.3382 -289.4571 0.0156
25.4151 -391.2095 -0.0156
172.9368 -336.7073 0.0078
484.5295 -362.5862 0.0469
240.7535 -365.6733 -0.0469
41.0179 -335.1570 -0.0234
366.6169 -346.4220 0.0234
23.9517 -333.8301 0.0078
382.1902 -332.2798 -0.0234
225.3566 -326.1905 -0.0078
20.1375 -342.6774 -0.0156
302.5605 -383.3502 -0.0391
264.0403 -333.5877 0.0156
250.9350 -390.6115 -0.0156
393.7780 -373.5697 -0.0156
15.5835 -344.2246 0.0156
300.2877 -325.2676 0.0312
291.8737 -345.7965 0.0391
19.3597 -306.3462 0.0625
31.5938 -356.2049 0.0625
277.8452 -374.7980 0.0312
269.5292 -318.1917 0.1016
164.8587 -377.4714 -0.0547
33.0730 -360.7595 -0.1172
516.5468 -338.1025 -0.0703
234.9527 -347.2233 -0.0312
349.0483 -383.3518 -0.0312
8.9969 -317.2815 0.0000
221.8690 -393.6811 0.0156
324.8512 -366.5859 0.0234
5.6514 -364.8834 0.0703
283.6963 -335.8265 0.0156
31.0652 -360.0244 0.0312
330.7702 -309.2651 0.0625
118.6207 -340.5641 0.0078
5.2475 -330.4525 -0.0078
491.6766 -326.5990 0.0781
138.6800 -332.3363 -0.0234
32.7136 -329.7230 0.0000
474.7351 -323.9356 0.0625
162.8852 -321.6140 -0.0391
21.4973 -299.7857 -0.0859
510.8449 -263.9101 -0.0312
27.2593 -378.5459 0.0078
307.8429 -384.1723 -0.0078
235.6075 -375.7630 0.0547
299.0738 -385.7280 0.0469
290.0525 -405.8707 0.0625
26.1106 -347.1061 0.0859
227.1606 -339.0350 0.0156
305.3747 -389.7655 0.0000
24.4270 -302.4237 0.0625
164.7355 -347.8505 0.0156
33.9278 -312.5998 0.0078
403.1935 -311.0677 0.0391
233.7067 -349.3533 -0.0625
364.3324 -408.5741 -0.0391
39.2564 -357.2276 0.0234
123.5121 -346.7621 0.0156
16.5199 -333.9938 -0.0234
520.7976 -317.0202 0.0312
334.0401 -265.2101 0.0234
403.1327 -338.0864 -0.0156
34.9149 -283.8873 0.0703
109.0988 -405.7195 0.0469
18.0074 -377.3449 0.0078
508.0952 -301.9244 0.0703
31.7627 -342.4025 -0.0781
174.7503 -339.3043 -0.1016
476.7925 -342.9039 -0.0156
18.8348 -362.0195 -0.0234
367.1648 -360.9640 -0.0859
223.7777 -361.6186 0.0156
265.8242 -327.5100 0.0234
16.5943 -359.6561 0.0078
335.4143 -301.9659 0.0547
266.9848 -359.1267 -0.0938
60.5083 -352.9205 -0.0703
354.3819 -343.3977 -0.0156
242.6630 -347.6905 0.0703
385.9098 -355.5381 0.0312
56.2671 -308.6136 0.0547
21.0612 -368.7758 0.0234
147.0232 -392.2688 0.0000
434.6855 -316.7372 0.0547
340.7403 -358.1081 0.0625
265.2922 -390.2626 0.0000
26.6458 -348.7171 0.1016
9.6092 -396.3084 -0.0234
145.7626 -380.4768 -0.0469
444.9790 -340.8181 -0.0078
258.8416 -339.8245 -0.0391
282.3293 -418.0336 -0.0234
9.4323 -350.2949 0.0547
141.3829 -369.8339 -0.0234
13.3499 -342.0893 0.0078
499.8459 -287.8143 0.0312
237.5341 -376.3014 0.0000
333.0983 -380.8265 0.0391
24.8635 -331.7407 0.0234
347.2823 -323.0977 0.0469
332.5723 -389.0820 0.0703
34.0632 -280.6042 0.1094
185.9414 -358.2269 -0.0859
18.1360 -356.2787 -0.0547
420.5292 -351.3194 -0.0234
19.6916 -309.1669 0.0469
376.1379 -297.9554 -0.0156
253.4193 -278.4456 0.0625
290.4244 -344.7451 0.0312
305.7159 -368.2339 0.0469
16.4707 -303.7051 0.0547
15.6818 -382.0314 0.0391
173.3917 -399.2243 0.0312
448.0069 -369.9290 0.0391
338.8904 -313.9683 0.0078
345.4516 -368.1257 -0.0078
27.0903 -284.9509 0.0469
317.5495 -347.4388 0.0312
324.2446 -398.4817 0.0469
35.1085 -304.8330 0.0859
252.9459 -373.5303 -0.0312
20.2233 -376.7218 -0.0078
341.0887 -328.7947 0.0391
286.6932 -347.1959 -0.0156
7.3113 -335.0469 -0.0156
352.7997 -306.4718 0.0391
197.4684 -351.9905 -0.0625
330.1503 -404.6806 -0.0391
13.5872 -361.8356 0.0078
246.1812 -374.7362 0.0312
11.0431 -365.5034 0.0781
372.8205 -290.3397 0.0938
365.5432 -284.1110 0.0156
27.2132 -326.2775 0.0391
323.2919 -349.9632 0.0938
296.4419 -333.9011 -0.0781
296.6723 -350.8112 -0.0703
35.5739 -329.7505 -0.0234
51.6254 -327.6981 0.0391
327.4194 -388.7849 -0.0391
295.2053 -359.9791 0.0234
282.5093 -349.1567 0.0078
393.8428 -364.2934 0.0000
28.3402 -306.2300 0.0391
48.7491 -347.4440 -0.0859
381.5012 -362.9702 -0.1250
251.5701 -342.8409 -0.0703
168.9476 -375.6933 -0.0156
13.3033 -333.1424 -0.0156
499.6637 -332.8860 0.0469
249.7584 -339.2373 -0.0781
59.4252 -358.5608 -0.0703
369.6393 -303.7806 0.0312
226.3951 -333.9542 -0.0312
447.1565 -315.1789 -0.0078
22.4808 -331.6074 -0.0078
306.5704 -360.7177 0.0234
256.6381 -381.7549 0.0312
31.6177 -300.2189 0.1016
120.9931 -404.8042 -0.0391
9.4003 -380.9764 -0.0547
470.5825 -349.6446 0.0234
116.2006 -390.0138 0.0078
31.7159 -345.9734 -0.0156
579.0467 -305.8093 0.0938
207.7516 -368.3862 -0.1328
29.7605 -294.2737 -0.0938
571.6378 -320.5812 -0.0391
40.6224 -318.7453 -0.0469
353.7002 -344.8949 -0.0625
234.5965 -283.9246 0.0234
229.0894 -365.4926 0.0234
388.5688 -377.2471 0.0547
66.7182 -311.4702 0.0781
13.2717 -418.8243 0.0234
129.7103 -389.5335 -0.0078
377.6217 -327.4357 0.0391
239.4542 -314.7152 -0.0469
26.5657 -334.7698 -0.0391
403.8788 -323.6196 0.0469
114.3084 -406.7286 -0.0234
29.6848 -367.7156 -0.0547
501.7864 -315.8716 0.0312
230.4909 -329.3073 0.0234
386.1187 -358.1846 0.0000
12.7218 -315.6421 0.0312
166.1395 -401.6974 -0.0547
20.7490 -399.9185 -0.0547
451.5896 -300.9170 -0.0156
246.3458 -383.5831 0.0234
5.1947 -361.0664 -0.0078
392.1087 -317.2146 0.0703
28.2517 -372.3069 -0.0078
166.7600 -396.5951 -0.0078
337.4790 -342.8400 0.0391
29.8279 -359.0193 -0.0312
148.9988 -334.5250 -0.0078
488.2121 -320.1103 0.0234
261.5537 -362.3752 -0.0938
30.5773 -386.0344 -0.0234
350.6107 -282.8320 0.0078
287.1137 -360.2078 0.0000
301.8841 -400.1421 0.0156
31.7994 -340.3773 0.0391
47.9482 -304.4910 0.0391
281.6541 -362.9210 0.0234
183.2749 -301.6098 0.0625
166.9887 -379.0853 -0.0391
24.1221 -397.1430 -0.0156
504.9103 -347.6794 0.0000
41.8666 -339.8825 -0.0625
314.0665 -384.6084 -0.0156
243.0144 -356.7077 -0.0547
317.4458 -320.7736 0.0625
308.5113 -335.3138 0.0469
11.0257 -312.2546 0.1094
13.7962 -342.8682 -0.0547
158.0744 -321.7989 -0.0312
384.7130 -311.5057 0.0312
345.9699 -356.7784 -0.0469
68.6432 -355.0882 0.0078
368.2965 -289.1586 0.0156
243.0786 -343.9510 -0.0859
45.2276 -344.1688 -0.0391
341.7067 -293.9135 -0.0078
149.2064 -399.6580 -0.0312
19.9263 -362.5258 -0.0547
504.7940 -322.8735 0.0469
262.7735 -388.5539 -0.0312
27.8064 -406.5607 -0.0156
322.8249 -367.4497 0.0469
58.6068 -333.9147 -0.0234
272.0831 -352.8520 -0.0078
206.8198 -289.7374 0.0391
33.1907 -340.5840 0.0703
339.9636 -344.7717 0.0625
289.4879 -299.8010 0.0625
32.2338 -310.6456 -0.0156
340.8245 -344.3115 -0.0625
286.4104 -302.8096 -0.0312
245.9234 -393.8103 0.0234
11.5169 -406.1529 0.0703
365.7614 -330.7844 0.1172
30.4861 -315.1393 0.0469
324.8006 -384.7124 0.0547
264.1626 -291.2766 0.0391
269.0677 -353.0176 -0.0078
295.2763 -403.1092 0.0234
20.9889 -321.1910 0.0078
349.1552 -326.0851 0.0469
283.1676 -370.4274 0.0547
38.4569 -315.3359 0.1016
263.5729 -333.3965 -0.1016
25.0113 -384.9046 -0.0703
311.4091 -306.2080 -0.0391
140.0668 -363.4913 -0.0469
27.7136 -334.7687 -0.0703
496.6207 -273.2236 0.0547
138.3051 -364.0595 -0.0312
15.0543 -373.3398 0.0000
521.0985 -328.2106 0.0234
218.5339 -384.0491 0.0156
346.4843 -353.7295 -0.0078
18.8591 -310.7282 0.0703
147.2968 -339.2466 -0.0391
21.2703 -350.7162 -0.0781
516.5818 -336.1184 0.0156
165.5488 -393.2095 -0.0547
9.1442 -360.7519 -0.0469
477.5286 -303.0360 0.0312
255.5155 -332.7815 0.0469
320.5193 -379.3865 0.0391
19.1951 -338.8382 0.0547
14.5691 -386.5626 0.0391
157.9073 -395.6312 0.0625
436.1165 -343.2657 0.0703
310.8627 -394.5745 -0.0156
36.0769 -358.5804 -0.0156
412.7839 -331.0263 0.0312
282.0018 -268.9999 0.0391
312.4449 -332.7216 0.0234
18.6736 -249.0895 0.0625
17.6322 -383.5879 -0.0547
125.6879 -398.1895 -0.0234
362.9254 -353.1962 -0.0156
125.4135 -352.2185 -0.0234
45.5205 -336.9361 -0.0234
521.8585 -308.0223 0.0625
245.9175 -350.9070 -0.1016
10.3237 -380.7008 -0.0625
301.2477 -364.7620 -0.0391
301.5106 -410.8030 -0.0078
50.8639 -413.0471 0.0391
260.9893 -372.5248 0.1016
43.2228 -322.2159 0.0156
381.8732 -291.5764 -0.0469
249.0315 -331.1079 0.0078
322.6897 -358.4797 0.0234
326.7215 -350.4972 -0.0312
18.1204 -317.4490 0.0469
330.1530 -349.8680 -0.0625
320.3234 -360.1719 -0.0234
20.0585 -329.3647 0.0312
313.8621 -356.1755 0.0703
256.8253 -390.8033 0.0781
13.3210 -340.0834 0.0859
318.9523 -360.9413 0.0078
273.3950 -412.8155 0.0156
15.8347 -329.5211 0.0547
277.3712 -380.7041 -0.0469
8.8113 -370.9321 0.0000
358.6619 -301.5069 0.0625
26.0339 -342.6261 -0.0234
113.3026 -368.7064 -0.0156
460.4243 -304.0258 0.0234
148.7910 -307.2652 -0.1016
20.1634 -326.0584 -0.0859
492.9842 -298.7276 0.0000
149.1235 -366.6950 -0.0859
10.5039 -368.5420 -0.1094
479.5008 -340.7047 0.0000
231.7190 -339.6169 0.0000
318.8172 -334.9773 0.0156
8.6891 -313.0588 0.0234
270.3884 -303.4163 0.0000
347.1305 -400.3856 0.0469
18.9835 -320.4783 0.0234
14.5524 -301.5433 -0.0156
383.5995 -295.2068 -0.0078
296.4673 -302.4809 0.0156
134.5261 -368.7055 0.0078
9.1824 -356.5948 -0.0078
501.0182 -305.1398 0.0312
132.9856 -323.0747 -0.0469
25.4881 -310.2345 -0.0625
593.2805 -282.3543 -0.0234
319.9792 -342.5013 -0.0469
366.5380 -364.7025 0.0000
18.8997 -290.2118 0.0078
271.8377 -315.6130 0.0078
359.4989 -384.9793 -0.0078
29.4903 -307.7639 -0.0234
6.3275 -318.7055 0.0078
343.5313 -340.9417 -0.0234
262.7280 -304.0086 0.0391
260.6812 -301.4578 0.0391
292.1143 -387.3253 0.0547
21.3965 -317.9001 0.0469
295.9489 -343.4711 -0.0078
338.7699 -311.7655 0.0000
11.8338 -316.2966 0.0234
36.9547 -362.1118 -0.0391
309.3946 -369.8372 -0.0547
278.4064 -337.6993 -0.0234
274.6938 -358.5015 -0.0625
10.7201 -393.1420 -0.0234
301.8795 -351.4456 -0.0078
223.4942 -316.7412 0.0391
449.4321 -320.9238 0.0156
28.5865 -316.3160 0.0781
47.8964 -407.5877 0.0234
145.1015 -369.8639 0.0234
386.8686 -346.6276 0.0391
20.3564 -368.2043 -0.0234
289.2906 -352.9412 -0.0391
216.9681 -366.3904 0.0078
130.5864 -437.9481 -0.0156
17.6465 -407.3128 -0.0312
383.4492 -394.8630 0.0234
148.2191 -306.4324 -0.0703
14.1754 -333.8632 -0.0625
574.3648 -278.7630 0.0391
123.0039 -345.4353 0.0156
16.7746 -359.0284 0.0156
458.9837 -329.1883 0.0234
30.5471 -327.6048 -0.0469
266.3798 -342.6258 -0.0625
233.3570 -333.8420 0.0156
34.6987 -306.6090 -0.0703
168.1060 -304.4418 -0.0859
477.4416 -298.4958 0.0234
32.3238 -299.7798 0.0547
357.2330 -321.7246 0.0000
304.8511 -304.8256 0.0391
160.3051 -386.0458 -0.0781
35.9938 -365.5135 -0.1016
457.5595 -366.4151 0.0391
260.6525 -374.6867 0.0469
388.0861 -384.3064 0.0000
6.0698 -341.8342 0.0625
123.3572 -390.8900 -0.0078
3.3262 -380.8689 0.0000
480.3922 -364.9277 0.0625
68.5163 -342.6660 0.0469
241.5086 -384.8010 0.0703
264.8193 -310.7291 0.1094
13.8240 -362.9267 -0.0156
187.0198 -331.3419 -0.0234
458.2405 -287.1355 0.0391
254.1789 -319.4630 0.0312
346.7755 -374.8621 0.0000
32.7380 -296.6582 0.0312
151.0831 -378.7316 -0.0234
37.6067 -326.0056 -0.0625
601.3289 -311.7356 0.0547
183.5727 -402.1908 -0.0469
16.6631 -377.2026 -0.0312
483.7694 -357.1769 -0.0234
291.6895 -367.1671 0.0781
404.0471 -407.2355 0.0234
66.5198 -317.8442 0.0938
107.1258 -366.4197 -0.0391
20.3297 -352.1901 -0.0312
492.1872 -349.4890 0.0703
137.8877 -419.4324 0.0078
5.1947 -371.4474 -0.0156
525.9615 -320.3187 0.0703
204.0523 -373.1250 -0.0625
15.1097 -367.2766 -0.0234
312.1833 -349.4416 0.0469
33.5733 -358.1701 0.0078
322.1828 -366.0754 0.0078
262.9435 -338.1865 0.0391
112.2961 -311.7326 -0.0469
0.0000 -320.1643 -0.0391
545.4629 -290.4419 0.0234
329.4972 -387.6783 0.0625
31.4370 -346.1410 0.0859
313.8545 -329.5344 0.1328
175.9831 -381.3467 0.0000
10.5168 -336.4506 0.0000
457.2224 -352.5233 0.0234
296.7650 -254.2155 0.0625
429.3492 -353.0756 0.0703
35.1882 -238.5174 0.0859
344.4196 -352.2853 0.0234
286.5494 -368.3321 0.0000
15.1344 -298.0976 0.0469
288.8724 -392.8571 -0.0859
44.2075 -390.3105 -0.0078
284.0612 -317.7553 0.0234
37.6205 -389.9945 0.0703
308.8346 -396.6520 0.0234
239.3006 -344.9872 0.0859
24.0649 -323.4920 -0.0234
151.5728 -329.2767 -0.0703
429.2698 -355.3197 0.0156
240.7404 -327.2810 -0.0547
355.0945 -373.2016 0.0234
17.6298 -315.3857 0.0234
45.2707 -363.2466 -0.0391
349.5027 -323.3546 -0.0703
254.6704 -336.9876 -0.0156
5.3559 -362.2809 -0.0391
128.0805 -355.9557 -0.0781
497.0326 -315.9448 0.0078
321.8787 -312.3408 0.0703
343.0887 -363.5737 0.0312
12.8559 -312.7139 0.0547
23.3009 -279.8211 0.0625
337.2659 -329.1498 -0.0156
250.9621 -292.4371 0.0312
44.5075 -327.5432 -0.0078
174.5598 -337.9760 -0.0312
461.1674 -309.7159 0.0234
22.1588 -311.8887 -0.0781
188.3837 -359.3712 -0.0469
385.0937 -286.4762 -0.0078
265.5349 -327.6385 0.0469
366.0167 -361.7024 0.0000
29.2885 -323.1998 0.0703
282.1679 -305.9454 0.0000
294.6043 -352.7630 -0.0156
10.8601 -287.8081 0.0078
305.5366 -367.5651 0.0312
270.4246 -413.6001 0.0469
25.6664 -350.7655 0.0859
306.6442 -356.1504 0.0234
419.6395 -345.7171 0.0469
25.8714 -283.7044 0.0312
259.2157 -355.9707 0.0391
435.8885 -350.9546 0.0234
13.9037 -286.0022 0.1016
153.4956 -383.6083 -0.0078
15.2172 -370.8301 -0.0469
424.2930 -341.6389 0.0312
249.2097 -357.9281 0.0078
315.2342 -401.6522 0.0156
31.3465 -388.8955 0.0391
32.4610 -328.5793 0.0156
301.3627 -373.8846 -0.0391
260.5715 -292.8950 0.0469
270.9295 -378.9256 -0.0469
49.5746 -394.8074 -0.0703
344.6254 -356.8821 -0.0234
282.8450 -296.5454 -0.0078
290.0380 -404.1531 0.0078
30.8101 -319.5380 0.0391
177.8914 -376.4121 -0.0781
11.2032 -374.9814 -0.0703
459.8594 -320.1262 0.0234
324.3914 -398.4098 -0.0469
20.8842 -386.5974 -0.0234
389.4602 -329.7237 0.0547
286.2433 -320.9875 -0.0078
389.9063 -380.4268 0.0078
22.9801 -300.2151 0.0156
297.5858 -408.2140 -0.0078
33.6217 -392.5286 0.0312
328.2192 -372.2978 0.0391
27.2061 -394.4414 0.0078
307.7698 -366.7081 0.0078
190.1064 -322.0194 0.0312
25.7522 -383.6430 -0.0156
280.2685 -386.7657 -0.0312
235.9333 -377.0485 0.0625
264.5340 -342.4917 0.0000
266.9059 -382.6587 0.0391
31.2183 -312.5950 0.1016
307.0011 -376.0156 0.0547
18.3668 -360.8028 0.0234
295.6524 -297.8540 0.0859
323.5979 -318.8145 -0.0781
344.2362 -341.8346 -0.0156
10.4134 -303.7006 -0.0234
14.4973 -381.9337 -0.0391
120.3079 -364.9886 -0.0547
358.5859 -359.1343 0.0234
163.7882 -341.1759 0.0000
15.9688 -352.6537 -0.0312
471.1605 -343.7853 0.0234
18.5112 -353.5597 -0.0625
367.2253 -318.8020 -0.0781
197.8477 -336.9355 0.0234
30.9717 -384.6445 -0.0078
349.1409 -362.0821 -0.0312
280.6430 -352.7396 -0.0156
31.3370 -314.2542 -0.0078
329.5034 -336.6788 -0.0391
235.6136 -303.8180 0.0234
337.2033 -365.8141 -0.0781
15.5801 -347.0426 -0.0312
349.4863 -313.6543 0.0234
259.5756 -338.3086 -0.0469
460.5207 -340.1186 -0.0234
7.8655 -335.9419 -0.0391
288.8416 -316.3543 -0.0391
284.2363 -337.3497 0.0078
31.4314 -321.9295 0.0078
40.9305 -361.7699 0.0078
177.8488 -357.0034 0.0234
381.1679 -314.3512 0.0312
46.2424 -377.7252 0.0703
130.1811 -370.7402 0.0703
451.6521 -325.6877 0.1094
256.8588 -354.5333 0.0781
335.0984 -386.2065 0.0547
3.8134 -340.0927 0.0469
41.8694 -333.4306 -0.0156
344.3332 -399.6762 -0.0469
322.7140 -349.2173 -0.0078
275.4393 -332.2492 -0.0469
303.7079 -368.2126 -0.0156
35.6874 -310.1307 0.0078
268.0350 -372.2629 0.0859
282.4443 -424.5282 0.0938
0.0000 -348.1818 0.1250
212.7636 -351.8282 -0.0469
448.6460 -394.6118 -0.0234
55.3372 -304.6616 0.0078
119.8587 -386.0706 -0.0312
14.6483 -364.8551 -0.0469
546.7670 -356.4043 0.0938
282.4367 -378.4833 -0.0547
328.2479 -395.6786 -0.0312
16.4661 -327.7575 -0.0078
73.3163 -301.8756 0.0078
328.2986 -358.7928 0.0078
182.2575 -375.5549 0.0312
266.1342 -324.7890 -0.0312
307.8156 -348.1764 -0.0469
18.3422 -343.6054 0.0234
288.6624 -362.2461 -0.0703
42.4605 -341.5213 -0.0547
333.9694 -271.3548 -0.0391
235.4109 -379.4627 -0.0234
38.4331 -410.0429 0.0078
371.7834 -343.4766 0.0469
278.3061 -341.1204 0.0469
368.2489 -430.4184 0.0547
4.8871 -324.1594 0.0469
256.3915 -317.7611 0.0234
380.7415 -334.1413 0.0078
5.5771 -286.6447 0.0156
43.5411 -361.6577 -0.0078
300.8094 -334.2388 -0.0781
253.4355 -379.8204 -0.0078
305.0823 -311.1700 0.0078
273.6500 -344.6143 0.0391
0.0000 -322.9516 0.0391
338.9724 -327.3485 0.0391
318.7844 -347.7802 0.0469
33.5986 -315.0362 0.0156
17.0155 -331.1367 -0.0312
132.1219 -328.1671 0.0000
397.0735 -345.4510 0.0703
204.5701 -370.4907 0.0547
337.9030 -377.8407 0.0078
13.2536 -303.6284 0.0391
134.0596 -334.8894 -0.0234
34.1860 -357.7611 -0.0547
456.3471 -330.2423 0.0391
14.4499 -359.6734 -0.0625
143.9931 -365.8019 -0.0234
447.8469 -357.2238 -0.0078
298.5877 -368.9879 0.0156
22.8059 -362.3703 0.0234
324.9682 -293.4681 0.1016
285.2861 -357.2713 0.0391
391.0635 -354.2161 0.0078
20.6565 -296.5236 0.0234
214.3194 -363.6074 -0.0547
450.3192 -395.2625 -0.0625
16.5544 -357.7556 -0.0469
285.7045 -365.7617 -0.0156
375.4034 -362.5205 -0.0234
13.4094 -309.2849 0.0000
15.7987 -390.6832 0.0078
192.8832 -398.4018 0.0078
419.9972 -323.9796 0.0469
261.2410 -382.3963 0.0000
287.6034 -394.5916 0.0000
38.1661 -343.8624 0.0156
73.7841 -413.4609 -0.0234
28.7527 -420.4436 -0.0391
385.3313 -349.5504 0.0312
254.7947 -339.4088 -0.0547
295.8369 -376.5393 -0.0625
39.8629 -347.5562 0.0000
261.6243 -350.7293 0.0312
364.7112 -368.4817 0.0156
0.0000 -323.2896 0.0234
35.9205 -305.9467 0.0469
311.2898 -313.8941 0.0000
235.5493 -276.6997 0.0469
113.2405 -362.5893 -0.0156
31.2891 -350.6035 -0.0547
420.0176 -330.9583 0.0000
360.7331 -324.9558 -0.0078
330.8380 -334.1339 0.0078
29.8905 -265.6647 0.0156
27.4317 -371.5948 0.0156
172.8204 -372.6933 0.0469
466.8852 -378.2472 0.0469
401.9937 -346.9402 -0.0156
18.1820 -295.2553 0.0391
416.9297 -302.9732 0.0312
27.5005 -360.3558 0.0234
315.7767 -364.0871 0.0078
237.3203 -348.8354 0.0391
337.7811 -347.4065 -0.0625
316.2542 -388.6674 -0.0625
15.2395 -298.5588 -0.0156
283.2232 -339.2503 0.0703
365.7039 -341.5360 0.1016
29.0626 -297.9339 0.1172
315.0197 -307.6052 0.0234
366.4826 -313.2433 -0.0391
26.1090 -255.0178 0.0156
243.8280 -346.6937 0.0078
31.6168 -389.9287 -0.0078
336.9968 -299.2532 0.0703
239.9222 -307.1649 -0.0625
4.3397 -380.2957 -0.0703
386.3288 -328.8837 -0.0469
180.6409 -363.2560 -0.0391
22.1670 -374.8245 -0.0391
367.9781 -304.0914 0.0000
255.8278 -323.4420 -0.0547
281.7660 -425.6794 0.0234
31.6154 -327.4356 0.0156
222.2786 -353.3986 -0.0234
443.0166 -385.7322 0.0078
23.7594 -325.0248 0.0234
226.6698 -328.8298 0.0234
350.2037 -392.1537 0.0469
16.5520 -333.0491 0.0625
147.3619 -329.1916 0.0078
12.7688 -313.9495 0.0391
707.0763 -283.9535 0.0547
329.4539 -297.3200 -0.1016
415.9400 -359.7621 -0.0234
48.3038 -264.6055 -0.0234
25.9488 -378.5891 0.0234
272.1401 -380.8389 0.0312
260.7234 -347.5217 0.0391
16.6995 -415.6503 0.0547
289.6496 -394.6991 0.0625
230.8667 -418.1553 0.0938
292.3107 -326.3053 0.0078
354.9768 -372.0910 0.0078
20.8579 -308.6864 0.0312
15.6560 -394.0224 -0.0625
176.2769 -386.1961 -0.0703
362.9125 -314.4462 0.0156
261.9528 -301.3216 0.0625
398.5749 -305.0791 0.0625
25.1782 -283.4398 0.0781
142.5006 -357.1505 -0.0234
27.1457 -339.4675 -0.0469
492.7447 -325.2222 0.0469
20.6125 -395.4193 0.0156
130.4133 -388.9907 0.0156
433.7405 -348.5107 0.0547
275.2449 -367.1706 -0.0469
11.0431 -371.1032 -0.0078
350.1649 -315.1437 0.0391
255.6487 -390.1541 0.0312
25.8110 -390.6329 0.0391
340.0292 -332.3963 0.1250
28.7113 -388.3958 -0.0312
123.5908 -386.4067 -0.0234
467.3543 -311.3145 0.0156
58.7775 -369.8003 -0.0156
143.5593 -393.7912 -0.0547
398.4340 -385.2861 0.0469
23.4081 -336.3766 -0.0391
317.2576 -374.7530 -0.0625
224.1575 -340.1554 -0.0156
270.4149 -340.4453 -0.0938
18.4900 -336.7805 -0.0312
328.3107 -283.3649 0.0078
253.8504 -333.6208 -0.0078
11.0512 -348.6648 0.0156
311.5895 -317.5047 0.0469
18.7121 -330.1091 -0.0156
129.6450 -331.2427 0.0000
438.7459 -252.4937 0.0156
188.4114 -399.5766 -0.0469
22.4075 -322.8807 -0.0156
499.3406 -288.3308 0.0312
35.7129 -285.1405 -0.0469
188.7333 -325.8948 -0.0625
436.0035 -279.8555 -0.0547
106.4133 -360.8698 0.0312
6.8363 -355.1528 -0.0078
510.5384 -331.4603 0.0547
286.3500 -333.8532 -0.0469
388.9417 -361.0779 0.0078
25.1646 -331.2696 -0.0234
279.6557 -330.6865 0.1016
329.0147 -354.1724 0.0781
20.5615 -258.6969 0.1094
316.9169 -302.4942 0.0625
364.1929 -373.2478 0.0156
33.5589 -261.3324 0.1016
44.1852 -365.4112 0.0156
338.8219 -333.4367 -0.0547
258.7310 -361.2148 0.0391
344.7159 -365.3891 0.0625
312.9740 -375.3693 0.0859
18.6456 -306.6828 0.0781
140.1925 -355.4976 -0.0703
18.6445 -360.9491 -0.0156
511.1565 -307.4933 -0.0078
44.5372 -364.5488 -0.0234
114.9598 -366.0300 -0.0234
412.5492 -328.5894 0.0469
230.9243 -339.1720 -0.0078
373.0742 -367.9172 0.0391
10.5385 -327.9339 0.0156
200.8727 -362.9451 0.0547
375.4426 -357.1889 0.0234
32.6607 -336.2145 0.0938
263.1731 -363.1729 -0.0312
16.4963 -364.2935 -0.0391
324.8524 -304.2863 0.0391
123.5285 -375.8980 -0.0938
11.4903 -354.5442 -0.0703
580.7507 -276.0647 0.0312
127.4531 -365.6344 -0.0469
24.3363 -337.9531 -0.0469
452.7569 -308.7652 -0.0156
41.2559 -348.3303 -0.0078
405.7250 -326.5469 -0.0234
319.8994 -337.7892 0.0391
298.4276 -359.0680 -0.0078
345.7978 -378.6424 -0.0156
15.8842 -346.0471 0.0078
38.4715 -351.2926 0.0234
349.6675 -367.0269 0.0078
215.0513 -305.6670 0.0547
279.3782 -343.0936 0.0547
320.1138 -408.5896 0.0156
15.2088 -322.7268 0.0859
272.1351 -389.1307 -0.0234
14.9682 -397.9201 -0.0391
302.9491 -297.9065 0.0000
5.5217 -381.4686 -0.0547
206.1553 -340.2319 0.0000
391.2497 -326.8496 -0.0391
266.1342 -341.1662 0.0312
359.0655 -338.0905 0.0391
26.4550 -306.9914 0.0703
213.0139 -429.3586 0.0625
33.2818 -414.1839 0.0234
315.0733 -352.2788 0.1172
357.4527 -339.8113 0.0781
305.9573 -375.2540 0.0703
17.4249 -319.8428 0.1172
251.6200 -318.4678 0.0469
416.3129 -344.0002 0.0469
53.8960 -291.8417 0.0938
197.7158 -346.2312 -0.0547
323.8656 -408.5168 -0.0234
30.1939 -375.0935 -0.0078
38.1799 -350.4425 -0.0703
173.9500 -350.1870 -0.0938
455.3779 -335.7138 -0.0547
172.3769 -342.6826 -0.0234
6.5896 -322.9595 -0.0312
528.2658 -283.6877 -0.0234
333.0909 -317.1624 -0.0078
344.4869 -310.9929 0.0156
29.0281 -308.2152 0.0469
27.9955 -382.4989 0.0234
125.3766 -366.6392 0.0469
392.5969 -296.5163 0.1016
4.4525 -375.1724 0.0469
195.3360 -369.7800 -0.0312
480.9837 -321.9637 -0.0156
43.7644 -375.8450 0.0156
144.8904 -373.2542 0.0078
465.8887 -396.7341 0.0078
311.4477 -387.4769 0.0078
17.4532 -362.3602 0.0469
397.6065 -341.5984 0.0938
59.0990 -311.2568 0.0312
337.1526 -347.6713 -0.0312
254.9025 -322.9660 0.0547
20.9351 -413.8188 0.0781
140.0310 -392.2036 0.0469
446.8784 -377.1714 0.0703
264.3732 -295.5050 0.0234
282.4555 -319.1899 0.0469
17.1437 -291.9098 0.0547
346.2473 -357.3360 -0.0078
365.8182 -389.3834 -0.0312
46.4468 -332.9368 0.0156
255.3584 -374.6466 0.0234
351.0163 -421.4932 0.0156
10.6002 -339.9644 0.0625
163.6495 -387.7969 0.0469
22.3643 -344.8840 0.0156
520.8350 -362.4421 0.0625
334.1724 -316.9846 0.0156
351.0856 -386.0232 0.0000
21.4847 -315.1592 0.0312
29.6597 -316.3345 -0.0234
450.7854 -330.3545 -0.0312
234.8463 -343.6345 -0.0469
140.5817 -395.3940 -0.0234
15.9041 -383.6400 -0.0391
446.0737 -360.4916 0.0547
19.0525 -385.5296 0.0156
142.5935 -379.1115 0.0234
412.1672 -310.6248 0.0391
259.4657 -308.5397 -0.0078
329.0837 -398.6152 0.0156
8.6477 -328.0544 0.0391
306.2474 -321.3001 0.0156
301.7438 -391.8751 0.0000
11.9303 -301.3169 0.0078
308.5151 -356.8183 0.0234
418.6466 -394.9016 -0.0234
31.1435 -312.6287 0.0312
314.4124 -370.0161 -0.0781
43.4198 -360.8042 -0.0312
394.5651 -377.8982 -0.0156
29.2758 -362.8775 0.0469
334.0293 -367.8373 0.0000
223.4813 -355.7382 0.0312
32.9483 -332.7498 -0.0938
158.0536 -322.1982 -0.0781
434.7685 -283.3688 -0.0703
320.2995 -299.4713 -0.0781
16.6487 -296.2427 -0.0391
370.1904 -313.3001 0.0156
376.4719 -324.4453 0.0000
344.0960 -361.4541 0.0391
27.8876 -290.4990 0.0781
134.3569 -356.7705 -0.0078
25.6471 -322.8352 -0.0234
498.4898 -291.8672 0.0703
248.7541 -397.3629 -0.0703
32.2098 -434.1637 -0.0312
248.0333 -354.4381 0.0391
243.2586 -330.0969 -0.0156
10.0739 -347.4943 -0.0312
390.0335 -305.7145 0.0234
143.3281 -371.8908 -0.0859
27.2196 -380.3743 -0.1016
460.1068 -350.1290 -0.0625
229.1789 -369.4022 0.0625
339.2944 -410.9232 0.0000
37.1299 -346.4088 0.0547
36.3284 -351.7660 -0.0312
129.4265 -342.9241 -0.0156
498.7927 -312.5125 0.0391
121.6183 -351.3592 -0.1406
0.0000 -346.7987 -0.0938
443.2592 -323.9034 -0.0078
48.3413 -338.6536 0.0312
385.1340 -350.9503 -0.0312
248.8795 -338.6897 0.0234
261.3927 -383.4080 -0.0078
11.5600 -395.2546 -0.0156
373.2020 -357.9115 0.0547
242.9027 -356.8153 -0.0938
11.9444 -380.4812 -0.0391
280.4250 -348.3365 0.0391
11.0188 -325.0542 0.0156
324.1135 -344.2408 0.0312
316.2845 -348.2251 -0.0312
256.5052 -322.7383 -0.0547
18.6951 -347.5531 -0.0391
318.8654 -315.0311 -0.0156
292.7070 -370.9060 -0.1484
24.2943 -370.8676 -0.1172
326.2288 -334.5545 -0.1172
247.4811 -329.0004 0.0234
308.5738 -373.8736 0.0312
9.2303 -371.4685 0.0469
44.5613 -376.2089 0.0469
108.9008 -389.1862 0.0234
390.1586 -346.7652 0.0938
16.1035 -377.6404 -0.0078
145.7292 -353.9969 -0.0469
511.2362 -332.7167 -0.0078
255.6699 -357.7332 0.0156
272.3294 -419.9389 0.0469
9.5044 -333.6632 0.0781
17.7846 -343.1917 -0.0547
168.3740 -367.5397 0.0000
436.5166 -301.2224 0.0469
221.0853 -297.0150 0.0156
392.5831 -271.7262 0.0625
21.4071 -297.3163 0.0781
364.4312 -296.5930 0.0078
325.6585 -361.5901 -0.0156
10.9249 -275.6573 0.0625
146.9297 -371.5261 -0.0234
56.0658 -354.7895 -0.0078
421.5246 -371.7222 0.0391
242.8993 -336.4222 0.0469
377.3641 -385.2478 0.0234
23.8158 -356.8887 0.0156
247.4766 -349.3058 -0.0391
17.7905 -351.5986 -0.0156
330.8627 -288.2222 0.0234
306.0858 -370.8226 -0.0625
44.0012 -369.0406 -0.0547
430.3232 -256.3769 -0.0312
266.8989 -340.8794 0.0859
404.6381 -359.5712 0.0547
35.5434 -318.4560 0.1016
279.2313 -358.6747 0.0391
381.6591 -386.2352 0.0391
30.7400 -293.0412 0.0625
180.6082 -325.6314 -0.0156
30.6152 -301.4330 -0.0469
509.1456 -275.4752 0.0234
310.5950 -337.9836 0.0234
419.4175 -339.7938 0.0469
83.4155 -267.8396 0.0859
181.4434 -354.4610 -0.0547
54.2110 -305.0358 -0.0625
518.7269 -306.8846 0.0703
253.5809 -327.8362 0.0234
351.1679 -393.9219 0.0625
33.8413 -299.5977 0.0859
276.6482 -387.6472 0.0469
282.1351 -381.6911 0.0156
12.8062 -318.5084 0.0781
251.4929 -343.4703 0.0000
397.0668 -327.7827 -0.0078
21.7852 -321.0578 -0.0156
5.7935 -315.7661 -0.0234
354.5870 -339.2871 -0.0625
258.7726 -324.0751 -0.0078
227.3712 -319.5699 0.0000
409.3634 -360.6111 0.0234
30.5300 -294.2825 0.0625
242.5311 -366.9769 -0.0234
14.9217 -390.2880 -0.0234
348.2820 -361.9086 0.0078
50.2270 -405.5008 -0.0156
164.9505 -406.3244 -0.0156
346.8596 -353.3558 0.0469
27.1205 -328.7763 -0.0234
163.4768 -342.0841 -0.0703
468.2556 -310.5495 -0.0547
220.9257 -349.6300 -0.0156
21.5580 -358.4110 -0.0547
467.8459 -363.2063 0.0469
55.4338 -312.6375 0.0312
340.3719 -379.7888 -0.0312
270.8619 -283.0069 0.0469
280.5041 -358.0833 0.0312
337.7499 -375.1087 0.0078
11.1160 -328.6207 0.0078
35.2417 -379.2906 -0.0391
325.3568 -377.1346 -0.0234
205.7298 -365.7887 0.0391
24.9815 -390.9851 0.0312
120.4764 -420.5994 0.0547
487.8412 -300.8571 0.1016
288.6771 -378.6571 -0.0625
31.0290 -363.7819 -0.0625
358.3850 -336.2296 -0.0078
170.0981 -361.5996 -0.0312
22.4215 -363.4053 -0.0469
427.3861 -309.6926 0.0625
292.5839 -297.9084 0.0000
351.2018 -341.6629 -0.0469
17.1684 -320.1407 0.0234
177.4934 -390.7647 -0.0859
23.6770 -353.5748 -0.0625
516.4540 -322.3896 0.0234
38.6859 -308.9249 0.0312
153.9983 -381.8151 0.0234
390.6040 -299.7175 0.1016
264.1230 -354.4432 0.0625
290.6596 -391.0120 0.0781
11.1140 -318.7242 0.1172
161.6736 -369.3725 -0.0234
11.3225 -342.7187 -0.0234
513.5116 -371.4349 0.0234
37.1377 -334.3990 0.0469
307.1496 -419.3710 0.0312
231.0192 -352.2637 0.0703
26.3734 -377.0813 -0.0469
277.1738 -398.6543 -0.0234
221.2566 -342.6082 0.0000
49.4086 -362.6947 -0.0312
142.7674 -347.0370 -0.0234
459.0834 -307.2576 0.0625
33.4360 -354.0506 -0.0391
180.4247 -355.5132 -0.0234
479.9944 -329.1330 0.0156
299.3769 -317.0695 0.0156
309.2390 -333.9358 0.0078
35.5419 -284.1058 0.0703
141.7564 -377.0012 -0.0469
13.5820 -353.1676 -0.0312
542.9414 -327.7145 0.0391
258.1759 -275.7259 -0.0156
432.3646 -357.5013 -0.0156
26.0641 -254.5165 0.0234
225.8318 -410.2457 -0.0625
26.7875 -424.1636 0.0078
268.6058 -369.3891 0.0312
304.8694 -359.6922 -0.0312
27.6774 -350.2073 -0.0312
308.2378 -275.1229 0.0156
145.2758 -385.0666 0.0312
22.1590 -344.4012 0.0391
469.8606 -312.2771 0.0469
234.4192 -330.7512 -0.0312
15.4287 -345.3621 0.0078
473.6832 -324.0317 -0.0078
268.2331 -346.2756 0.0000
304.3602 -384.4069 0.0234
8.2888 -319.2450 0.0547
237.0048 -321.0525 0.0703
313.6744 -409.5528 0.0234
52.5278 -310.7248 0.1562
274.6416 -355.3004 0.0234
255.6834 -399.2688 0.0469
32.1793 -334.9298 0.1094
20.4972 -344.2539 0.1016
300.1226 -388.5944 0.0234
297.0116 -331.3442 0.1016
34.3253 -341.1044 -0.0156
136.1331 -337.5412 -0.0234
396.6506 -319.0267 0.0000
208.9916 -346.2162 0.0547
329.6557 -378.3003 0.0703
37.5506 -314.6800 0.0625
285.6819 -376.9917 0.0000
347.8530 -376.4505 -0.0156
22.0947 -366.7008 0.0469
28.4084 -326.9903 0.0859
395.5257 -311.3013 0.0156
271.4559 -305.8132 0.0859
69.5249 -275.0145 0.0312
328.0996 -304.2729 0.0156
246.0054 -294.1559 0.0312
269.3451 -391.7674 -0.0234
36.0160 -412.5538 -0.0312
375.3122 -327.7347 0.0391
29.9466 -297.0701 -0.0625
366.8342 -314.5323 -0.0547
195.1528 -230.7572 0.0000
249.4528 -336.9786 0.0234
392.6154 -353.8963 0.0312
5.5771 -317.7757 -0.0078
361.6970 -314.4487 0.0391
54.0334 -291.3369 0.0312
353.3084 -304.5908 0.0703
141.5627 -389.9393 -0.0469
27.6500 -373.8532 -0.0234
491.6149 -330.5886 0.0000
13.4480 -398.5291 -0.0312
130.5092 -388.9224 -0.0156
463.6186 -366.6250 0.0781
170.1867 -383.7520 -0.0078
14.1818 -344.1380 -0.0469
492.7673 -289.3534 0.0859
263.3051 -320.7188 0.0000
305.2865 -402.0656 0.0312
36.7152 -325.3918 0.0625
31.7542 -304.1001 -0.0312
150.6104 -305.4576 -0.0156
446.0581 -321.4418 0.0625
21.6502 -349.7001 0.0469
367.6354 -350.2268 0.0078
208.5100 -325.6691 0.0234
272.4908 -299.0271 -0.0391
421.5162 -373.7370 -0.0078
20.6110 -268.3426 0.0000
320.2836 -337.4787 -0.0469
334.1395 -350.2909 0.0234
18.4569 -302.5067 0.0547
285.6967 -390.9600 0.0312
15.7962 -370.8705 -0.0078
400.9479 -320.6296 0.0000
232.7938 -345.3645 0.0312
359.4396 -373.5674 0.1094
28.9236 -317.8537 0.1250
7.8550 -355.3974 0.0234
129.0638 -366.5082 0.0156
506.7872 -307.6576 0.0312
287.6205 -316.6049 -0.0078
366.5070 -320.2833 0.0000
49.9654 -268.6479 0.0312
82.5940 -420.1940 -0.0078
17.7399 -404.6016 0.0000
453.7052 -371.7530 0.0703
296.0683 -340.0139 0.0391
320.9818 -384.2608 0.0234
9.8707 -349.1092 0.0547
280.0171 -337.7008 -0.0156
17.3351 -382.0977 0.0156
397.4906 -316.6052 0.0625
314.6349 -315.4079 -0.0234
24.6658 -332.9900 -0.0391
379.6642 -312.0090 0.0078
24.4621 -324.3746 0.0000
285.7777 -335.8125 0.0078
231.4940 -303.7839 0.0469
98.7107 -363.7599 -0.0078
21.6172 -367.3537 -0.0156
485.2097 -335.2696 0.0000
304.6560 -327.7220 0.0469
296.3507 -381.7107 0.0469
12.4371 -314.3098 0.0547
283.2831 -357.5908 -0.0234
290.1887 -349.3735 0.0156
8.7570 -304.6673 0.0078
236.6576 -346.1941 -0.0781
466.5672 -324.2402 -0.1016
30.0898 -341.2152 -0.0234
31.4315 -328.7619 0.0312
362.8983 -344.6506 -0.0312
236.7199 -303.1534 0.0547
8.8807 -391.1158 -0.0156
121.9964 -393.9897 -0.0234
466.8478 -349.9878 0.0234
247.8939 -345.2381 0.0312
16.4423 -317.0568 -0.0078
382.7699 -295.6800 0.0391
236.7342 -325.1690 0.0156
310.8085 -389.2489 0.0391
15.0779 -306.2058 0.0781
13.9963 -334.2751 -0.0703
155.9889 -321.9004 -0.0781
433.3631 -256.6490 -0.0312
328.0179 -320.7003 -0.0469
265.6677 -408.1940 0.0625
35.1575 -349.0909 0.0547
263.6681 -379.2957 -0.0469
50.1334 -373.6330 -0.0234
279.4795 -316.0026 0.0547
266.6329 -372.9703 -0.0078
31.4603 -356.0923 0.0156
387.3864 -283.7170 0.1328
45.8926 -336.6989 -0.0234
108.0825 -391.2657 0.0000
372.4648 -315.0137 0.0469
125.8368 -368.8126 -0.0234
5.3037 -379.8018 -0.0156
525.1897 -289.3772 0.0547
11.2352 -311.4068 -0.0156
300.7777 -367.9081 -0.0625
260.8817 -326.2682 0.0703
268.8478 -292.5769 0.0391
373.1942 -324.8459 0.0391
25.7829 -258.6679 0.0703
363.3274 -329.8938 -0.0625
329.4887 -319.9977 -0.0234
5.7348 -307.2723 0.0156
304.6624 -347.9027 0.0625
309.8338 -411.5648 0.0625
11.5642 -321.1303 0.1016
243.1295 -362.6759 -0.0234
16.9916 -371.2730 0.0234
316.3959 -312.9482 0.0781
29.8996 -328.5197 0.0000
320.7706 -352.6589 -0.0234
211.4515 -303.9330 0.0234
143.2560 -415.4221 0.0469
10.7905 -396.0691 0.0078
410.6711 -384.9881 0.0938
258.4260 -336.3035 0.0156
376.8664 -379.0674 0.0391
11.7305 -341.7187 0.0234
256.6675 -356.0633 -0.0938
26.8006 -369.6827 -0.0312
369.5932 -344.3292 0.0156
277.9308 -369.0011 0.0469
283.7795 -394.3069 0.0234
29.6068 -345.4802 0.0781
296.0225 -302.2977 0.0547
343.1206 -328.9870 0.0156
34.0471 -283.5290 0.0859
250.4378 -384.9244 -0.0312
34.5558 -372.2779 -0.0078
323.0500 -317.4643 0.0312
30.1457 -379.7837 -0.0234
148.2632 -375.5412 0.0234
401.6867 -346.3495 0.0625
154.5138 -344.7790 0.0156
42.0701 -312.7953 0.0078
563.9702 -340.2050 0.0938
232.4286 -367.4351 0.0469
346.5320 -384.1244 0.0078
29.2939 -337.2772 0.0547
154.8423 -409.6326 -0.0469
10.3237 -408.3928 -0.0391
471.2060 -348.5314 0.0156
120.2798 -405.5457 0.0078
9.8498 -399.2659 -0.0078
496.5868 -348.6571 0.0703
304.2079 -320.8755 -0.0391
346.7243 -356.9959 -0.0469
44.6412 -328.1111 -0.0078
287.6514 -356.2985 -0.0078
12.1745 -294.3589 -0.0156
394.0648 -230.3453 0.0312
295.2649 -336.2917 0.0234
343.2561 -376.1788 0.0000
33.8091 -296.5894 0.0781
10.4399 -353.7155 -0.0312
175.4458 -379.6238 0.0000
448.4345 -297.0791 -0.0078
299.6911 -351.0905 -0.0938
16.1141 -346.1097 -0.0703
309.3727 -316.2635 -0.0312
287.1202 -356.4200 0.0312
335.0921 -400.5566 0.0312
17.2106 -326.0663 0.1016
141.2110 -369.8517 -0.0312
26.0460 -381.3367 -0.0625
452.8251 -354.2650 -0.0078
272.5346 -334.5700 0.0469
16.9683 -377.8813 0.0234
296.3492 -341.1343 0.0625
126.8759 -363.9995 -0.0234
16.1368 -362.4301 -0.0078
488.8107 -286.5316 0.0547
248.2697 -377.7870 -0.0312
32.9292 -393.0419 -0.0469
301.8093 -343.3879 0.0156
243.4880 -363.9758 0.0391
330.3911 -388.1841 0.0547
13.8632 -339.0842 0.0703
264.8864 -386.8290 0.0234
43.6896 -366.3223 -0.0234
316.0161 -353.5822 0.0625
310.0003 -376.5458 -0.0312
34.6131 -374.7848 0.0234
292.7725 -348.8951 0.0312
144.2587 -381.2016 -0.0547
27.8753 -399.3715 -0.0547
436.5067 -345.4883 0.0078
302.1214 -341.9697 -0.0469
292.1168 -365.9750 -0.0312
15.4177 -325.9058 0.0469
24.9184 -361.6293 -0.0156
138.6247 -375.8929 -0.0312
420.8275 -337.0046 0.0781
141.3749 -405.4548 -0.0078
30.5826 -365.2489 -0.0312
485.9999 -311.9649 0.0703
25.5552 -354.5282 0.0156
126.6619 -371.8916 0.0078
470.4515 -311.7575 0.0156
243.3251 -359.4225 -0.0234
397.3543 -365.7280 -0.0234
19.2746 -308.5994 0.0078
32.4912 -352.0954 0.0859
309.8343 -393.1939 0.0469
249.3398 -311.6736 0.1172
42.3888 -346.7146 0.0234
129.6234 -343.5745 0.0078
383.0157 -309.5032 0.0781
281.4266 -329.5668 0.0234
296.2294 -373.4540 0.0234
8.5980 -307.7909 0.0547
5.2317 -340.3521 -0.0156
142.1357 -333.0497 -0.0312
484.8881 -288.5699 0.0547
266.3876 -353.4604 -0.0312
297.2664 -398.6172 0.0234
7.1457 -347.1721 0.0312
284.1232 -296.5783 0.0547
435.6912 -327.4093 0.0703
51.1949 -276.5914 0.1250
323.7304 -324.6867 -0.0469
333.1356 -369.7789 -0.0859
23.6069 -312.1990 -0.0547
16.6810 -365.2155 0.0391
202.6562 -361.3048 0.0000
425.7329 -312.7526 0.0391
306.9228 -362.5297 -0.0312
21.0562 -344.9328 0.0391
294.2428 -291.9705 0.0625
16.1967 -355.4455 0.0156
358.3177 -354.1945 0.0000
250.9626 -335.6852 0.0625
15.0590 -366.8325 0.0156
137.6463 -365.2454 -0.0156
464.3186 -300.0991 0.0469
160.4041 -368.1648 -0.0703
39.0612 -350.7101 -0.0391
404.6189 -333.0021 0.0078
279.3228 -384.3649 0.0156
263.0321 -374.1013 -0.0078
21.9057 -347.6571 0.0547
314.7524 -317.3543 -0.0156
376.6284 -372.3325 -0.0469
28.1911 -315.9682 0.0000
49.3209 -303.5287 0.0859
187.0178 -378.5250 0.0469
469.9269 -300.5347 0.0859
228.8734 -417.2881 -0.0391
16.6294 -408.2023 -0.0703
409.1749 -308.9199 -0.0391
251.1002 -372.5990 -0.0859
28.0312 -350.3786 -0.0625
269.9794 -352.3751 0.0391
36.2484 -326.8393 -0.0078
316.6094 -337.8523 -0.0312
282.9991 -341.4766 0.0234
183.1742 -327.5178 -0.0156
24.1351 -320.4169 -0.0547
455.1784 -349.3431 0.0234
48.6148 -346.5406 0.0312
260.9475 -404.5819 0.0156
225.2748 -365.0345 0.0625
263.5997 -359.3375 0.0000
348.3289 -356.4961 -0.0078
21.4973 -346.2335 -0.0078
17.3375 -345.7337 0.0000
162.0999 -319.2838 0.0000
459.9643 -337.6080 0.0625
29.0317 -369.1638 -0.0078
161.9560 -376.1819 -0.0156
505.5682 -307.7347 0.0000
332.2856 -391.3812 -0.0078
23.9436 -347.7099 0.0156
363.0426 -344.5434 0.0781
18.9177 -361.4066 -0.0703
169.5458 -351.8880 -0.0391
477.0840 -345.0580 -0.0703
37.6381 -324.4110 -0.0234
355.8704 -333.6206 -0.0547
243.5093 -313.1320 0.0078
336.2176 -377.5849 0.0000
19.5878 -358.6043 0.0234
331.3383 -294.7560 0.0781
239.5191 -307.9622 -0.0078
366.6594 -349.9844 0.0000
20.5174 -266.4186 0.0391
306.9728 -364.6671 0.0625
332.6702 -379.0399 0.0469
10.7023 -294.3113 0.0703
30.8024 -387.2990 -0.0312
142.9324 -383.8592 -0.0469
366.8196 -304.6595 -0.0078
274.0480 -282.1102 -0.0312
409.0707 -355.1930 -0.0078
46.3708 -294.8394 0.0469
206.0235 -306.0526 0.0312
356.8019 -375.5056 0.0391
14.6572 -325.3579 0.0625
27.4476 -328.9118 -0.0469
287.7832 -342.3208 0.0078
296.2351 -328.2460 -0.0078
292.8962 -342.9512 -0.0234
27.7878 -356.7252 -0.0156
384.7964 -299.8898 0.0859
258.2073 -346.4669 0.0859
341.2904 -384.4029 0.0781
10.0241 -339.1561 0.1328
43.3709 -357.4244 -0.0156
329.8374 -355.6391 -0.0781
272.8603 -315.3479 -0.0078
19.4655 -355.7706 0.0156
283.2573 -374.8344 0.0078
247.7026 -310.2357 0.0625
303.5324 -368.9140 0.0156
256.3209 -405.4326 0.0547
30.3862 -322.8173 0.0547
138.5209 -389.7323 0.0000
31.2708 -367.3387 -0.0156
447.5083 -334.2424 0.0703
15.8343 -373.7904 -0.0234
342.7325 -351.3601 -0.0625
265.3827 -347.5474 -0.0156
140.5029 -404.9765 0.0234
4.6107 -352.5934 0.0000
488.1451 -340.9123 0.0312
199.6372 -346.5021 -0.0234
22.7902 -319.1768 -0.0547
491.0340 -315.7673 0.0547
24.2652 -334.5002 0.0234
305.8869 -357.7191 0.0156
251.2111 -313.1841 0.0547
124.8898 -404.8318 -0.0547
33.5373 -331.8206 -0.0938
506.6792 -318.4833 -0.0156
236.9265 -339.1059 -0.0469
403.1243 -343.1092 -0.0234
11.3001 -310.6461 0.0078
306.3220 -316.6829 -0.0469
292.7505 -360.1765 -0.0234
20.5595 -306.8690 -0.0312
17.3737 -338.4190 0.0234
164.2160 -381.8720 -0.0234
410.2346 -335.5581 0.0078
10.5938 -302.6151 -0.0312
196.7312 -319.5314 -0.0156
409.4907 -279.0650 0.0234
284.6610 -367.4005 0.0547
279.5830 -427.1063 0.0391
8.4374 -334.6004 0.0625
18.2851 -315.4748 -0.0391
315.4731 -369.2648 -0.0625
265.4043 -289.1666 0.0312
28.2687 -341.1446 -0.0391
305.5671 -361.6415 -0.0781
242.2250 -322.3559 0.0156
281.7873 -348.9729 -0.0234
312.9719 -347.5161 -0.0156
24.7267 -323.6968 0.0156
344.0097 -331.6377 0.0312
318.3475 -363.0442 0.0547
56.5128 -320.8958 0.0391
336.6270 -380.7370 0.0703
16.4985 -395.5590 0.1016
295.5354 -360.8761 0.1406
57.4823 -353.1799 0.0156
184.2737 -339.1844 0.0000
514.5836 -265.5000 0.0078
291.2836 -337.8322 -0.0078
31.4920 -366.9424 -0.0234
335.1250 -329.3365 0.0391
12.6620 -324.1960 -0.0859
166.0568 -289.3416 -0.0859
416.7329 -274.9824 -0.0234
278.5429 -350.0127 0.0469
390.5465 -404.0632 0.0703
9.6848 -317.6534 0.0859
230.8559 -370.6411 -0.0312
16.3983 -414.2559 -0.0078
305.3577 -321.5261 0.0703
27.0079 -340.1447 0.0312
391.4309 -357.2005 0.0312
203.6557 -342.0261 0.0859
262.7118 -366.4299 -0.0781
13.5859 -349.1167 -0.0312
394.9939 -325.6861 0.0078
211.8706 -370.6922 0.0234
0.0000 -399.8048 0.0000
309.2733 -298.2957 0.0781
122.2320 -360.8352 -0.1094
14.9834 -363.8819 -0.0938
457.7522 -313.3971 -0.0547
322.7546 -351.9816 0.0078
294.2503 -384.8543 0.0703
2.8145 -330.8079 0.0781
29.4944 -354.9439 0.0234
257.0401 -389.9909 0.0234
233.9175 -352.9348 0.0391
30.1013 -403.5466 0.0859
131.2850 -397.2357 0.0703
379.3367 -342.9231 0.0781
42.5396 -299.5398 0.0234
337.7503 -346.5839 -0.0156
320.2636 -321.2205 0.0156
26.9294 -336.7160 -0.0547
178.0234 -329.0150 -0.0625
465.8876 -318.8713 -0.0156
53.2759 -292.9486 0.0312
408.3479 -323.4228 0.0078
257.5914 -287.5288 0.0703
139.3358 -373.4547 0.0078
8.0822 -377.5948 -0.0234
466.1708 -317.5702 0.0391
16.9257 -399.9645 -0.0156
190.7584 -391.4286 -0.0469
389.1295 -353.1125 0.0078
342.9461 -342.1759 -0.0234
321.7622 -391.4402 -0.0156
10.8284 -312.4836 0.0234
30.3834 -388.8286 0.0000
134.0527 -397.0804 -0.0156
414.4408 -363.9366 0.0234
263.7402 -348.6462 0.0000
291.5775 -368.7017 0.0547
26.7243 -322.2952 0.0625
156.3987 -317.5755 0.0625
10.0003 -328.2665 -0.0078
461.2609 -266.2951 0.0859
212.3742 -299.6775 -0.0156
30.2969 -284.6807 -0.0391
472.9861 -315.4202 0.0156
106.4953 -394.8434 -0.0312
4.9960 -374.3914 -0.0391
467.3462 -350.0632 0.0234
271.1668 -348.0793 0.0391
351.5977 -384.0812 0.0000
11.5642 -344.1336 0.0391
267.5090 -413.2264 0.0078
24.2655 -429.0136 -0.0234
284.7114 -374.1672 0.0156
309.2986 -303.3999 0.0078
468.0850 -332.7852 0.0156
23.5179 -260.9352 0.0391
235.8760 -355.0266 -0.0625
28.8296 -320.3442 0.0078
355.1673 -258.1041 0.0312
278.8788 -343.3039 -0.0312
412.4711 -349.7140 0.0000
30.7378 -337.8219 0.0000
48.5893 -310.9396 -0.0625
320.2424 -335.5198 -0.0312
300.6860 -294.2686 0.0547
19.5772 -376.4998 0.0078
142.6735 -375.9246 0.0234
374.6266 -323.9535 0.0703
22.9250 -377.8180 -0.0391
194.5726 -366.7784 -0.0625
454.6288 -361.9040 -0.0547
337.8958 -319.1488 -0.0078
305.4122 -364.8203 0.0156
16.6745 -334.2940 0.0547
44.2769 -293.4239 0.0547
318.0060 -363.2510 0.0000
274.4261 -323.3927 0.0547
33.0341 -295.5053 0.0234
381.9338 -267.3345 -0.0703
281.5144 -293.8258 -0.0156
262.9353 -332.0447 0.0000
325.8511 -341.8192 -0.0391
17.6064 -350.2335 -0.0078
156.6915 -350.6922 -0.0078
42.0803 -324.7114 -0.0078
465.0459 -333.9236 0.0469
276.3690 -330.4542 0.0234
323.9752 -393.5538 0.0547
42.2529 -315.4965 0.0859
280.3244 -315.4960 0.0078
405.7097 -352.1934 0.0469
25.4568 -287.3978 0.0469
293.2117 -328.2858 -0.0625
39.9380 -341.6422 -0.0859
388.9280 -303.4652 0.0000
32.2440 -357.7062 0.0234
352.8864 -335.5360 -0.0156
213.2390 -289.2350 0.0625
19.6571 -281.8524 -0.0469
344.8010 -323.6944 -0.0312
332.0377 -317.7089 0.0078
241.1866 -362.8043 0.0547
339.3248 -364.3626 0.0547
18.8918 -331.6343 0.1016
136.9065 -387.3993 -0.0469
0.0000 -383.3491 -0.0469
461.9021 -390.7099 0.0312
255.7309 -345.7923 0.0234
341.0067 -391.2373 0.0547
11.6466 -368.1567 0.0469
308.1705 -317.5347 0.0078
320.0940 -342.9389 0.0078
37.7234 -306.2573 0.0625
18.6687 -355.4372 0.0703
264.9091 -407.4606 0.0312
232.6880 -365.7996 0.0625
298.6904 -326.8358 -0.1016
431.3119 -369.0601 -0.0469
47.1198 -299.6917 -0.0156
30.8180 -364.3104 0.0156
170.3783 -369.1105 0.0000
497.7732 -344.5404 0.0000
40.4379 -313.3920 0.0625
334.4830 -378.0378 0.0547
281.9408 -280.0949 0.0469
24.0630 -325.9578 -0.0391
162.7479 -334.6528 -0.0625
470.6442 -301.6301 -0.0078
286.8249 -367.8181 -0.0156
32.9738 -378.9513 0.0078
368.8680 -294.8275 0.0547
277.7055 -342.8382 0.0078
373.1362 -382.1543 0.0234
17.2387 -296.0320 0.0391
281.0941 -346.9539 -0.0547
364.9652 -396.2356 -0.0391
49.2098 -335.8560 -0.0078
293.0005 -349.1384 0.0234
317.7358 -351.4087 0.0625
40.4659 -311.9947 0.0781
5.6212 -313.1499 -0.0547
214.8438 -347.9819 -0.0156
409.1870 -298.0406 -0.0078
308.4094 -313.3961 0.0156
16.6090 -343.6768 0.0000
377.3791 -306.6564 0.0625
221.8538 -343.7848 -0.0156
398.4229 -383.2773 -0.0703
10.3294 -305.7538 -0.0156
133.0441 -397.3253 0.0156
3.8326 -382.5728 -0.0078
444.2837 -301.3854 0.0391
336.9921 -341.7036 -0.0234
283.8020 -436.9054 0.0312
5.2363 -329.8051 0.0234
202.1312 -344.0132 0.0234
381.1103 -353.4223 0.0000
37.9107 -305.4519 0.0703
20.0247 -351.3649 0.0469
153.0705 -370.7860 0.0469
399.4057 -330.1513 0.0781
331.1213 -352.0573 -0.0625
15.0509 -377.9401 -0.0703
393.0856 -335.5367 -0.0156
291.4745 -321.9725 -0.0547
33.7611 -349.0234 -0.0078
361.8081 -320.1846 0.0312
203.3757 -362.4300 0.0469
322.0979 -393.5768 0.0547
12.9081 -364.6932 0.1016
129.1696 -375.9021 -0.0391
23.0468 -391.3748 -0.0469
391.6633 -340.2872 0.0312
202.5184 -301.6515 -0.0156
373.7223 -355.7609 -0.0625
9.7687 -292.9064 -0.0078
157.7624 -269.2890 -0.0859
23.8754 -316.5286 -0.0938
473.8968 -255.9556 -0.0312
303.8491 -318.2449 0.0703
301.2510 -385.4856 0.0781
14.6340 -318.2426 0.0859
39.5260 -345.5115 0.0312
365.7799 -381.3836 -0.0234
310.0953 -327.7239 0.0234
261.3599 -313.2920 -0.0469
422.3502 -352.0683 0.0000
29.0924 -273.6313 -0.0156
212.7745 -362.1091 -0.0078
358.1170 -360.8826 -0.0156
10.4134 -346.0398 0.0312
245.8859 -353.8772 -0.0625
6.4754 -381.7583 0.0000
338.3914 -302.4871 0.0312
296.3976 -341.5481 -0.0781
28.6503 -341.4223 -0.0312
319.2228 -340.5262 0.0078
253.8365 -284.9364 -0.0859
28.0951 -344.6715 -0.0312
320.2814 -297.5206 0.0156
197.7924 -322.0311 -0.0547
295.2566 -394.3749 -0.0391
21.5580 -320.9842 0.0078
19.6725 -341.1017 -0.0312
367.6773 -338.1514 -0.0391
284.7026 -305.7574 0.0000
25.4616 -354.9371 -0.0469
146.6099 -391.8431 -0.0156
488.3577 -328.1545 -0.0078
157.0732 -324.6983 -0.0156
20.3495 -325.9502 -0.0547
558.2907 -312.1842 0.0312
319.7749 -344.7576 0.0312
288.6436 -355.0332 0.0156
21.5342 -314.9944 0.0469
280.2559 -350.3331 0.0000
412.1115 -358.5962 -0.0156
38.8865 -354.8885 0.0078
318.2385 -348.8286 -0.0078
362.6407 -415.7661 0.1016
44.9368 -313.8618 0.0625
38.4293 -356.2204 -0.0156
314.8095 -400.8882 0.0000
226.6193 -324.4436 0.0312
330.5594 -304.2038 0.0391
331.3520 -338.4260 -0.0078
20.3489 -310.9387 0.0859
353.7552 -273.6577 0.0000
474.4974 -353.0460 -0.0234
36.3718 -277.1624 0.0078
265.2612 -319.0410 -0.0469
316.1240 -387.1921 -0.0234
50.1198 -294.4267 -0.0078
35.2228 -320.1098 0.0156
273.5968 -363.6122 -0.0078
191.8461 -327.4983 0.0391
40.4639 -346.2244 -0.0078
319.7675 -351.7309 -0.0156
225.6575 -331.5939 0.0781
22.9539 -364.7499 0.0391
155.3788 -362.4961 -0.0078
399.5191 -332.0933 0.0469
18.4792 -325.9484 -0.0781
190.8379 -358.7597 -0.0469
369.9039 -310.8552 0.0547
26.9669 -335.2347 -0.0703
325.7311 -343.9546 -0.0938
302.7811 -305.0409 -0.0234
6.5447 -397.3280 0.0234
140.3957 -375.0425 0.0234
396.1818 -317.3862 0.0781
325.2055 -308.3669 -0.0156
367.9759 -327.7488 -0.0859
13.9402 -272.4679 -0.0234
232.3580 -360.8224 -0.0156
25.7150 -360.3727 0.0078
366.6313 -325.2423 0.0859
20.2793 -334.8588 -0.1016
181.3236 -351.7463 -0.0859
457.3039 -357.1774 -0.1094
21.5240 -359.9840 -0.0156
132.4175 -358.4333 -0.0312
410.7154 -309.3302 0.0547
351.8757 -342.0872 -0.1094
32.1716 -372.0910 -0.0312
325.9219 -351.8294 0.0000
340.2309 -408.0856 -0.0156
25.2269 -380.7496 0.0312
352.4417 -359.4531 0.0391
63.5322 -325.4920 0.0312
334.2802 -326.4124 -0.0234
340.4190 -325.1478 0.0312
286.9775 -382.4405 0.0391
13.8641 -375.8897 0.0703
310.4140 -343.8672 0.0859
247.0301 -360.8411 -0.0469
42.9706 -368.9939 -0.0703
297.8643 -353.5339 -0.0469
272.8998 -378.0902 0.0391
333.8081 -396.2621 -0.0391
16.6950 -347.3781 0.0547
304.9378 -320.9809 0.0703
361.6638 -358.6837 0.0781
18.6895 -272.7846 0.1016
10.4228 -347.5178 0.0078
277.7467 -367.2908 -0.0078
234.5135 -344.6263 0.0469
15.4243 -357.5834 -0.0938
445.0175 -345.1289 -0.0703
233.1260 -362.1328 -0.0312
31.5747 -404.1878 -0.0391
164.8971 -397.1976 -0.0703
424.3845 -316.8273 0.0078
4.0669 -373.7286 -0.0391
140.4944 -373.1146 -0.0156
437.8502 -323.5859 -0.0469
257.1230 -369.1602 -0.0312
11.7516 -359.1923 -0.0234
333.3550 -325.3825 0.0391
289.1605 -346.3500 -0.0156
377.5878 -356.1971 -0.0859
48.3965 -304.3649 -0.0078
61.6599 -372.0550 -0.0234
190.0098 -360.2497 -0.0391
520.1126 -311.5731 0.0156
282.0918 -335.4940 -0.0156
26.7211 -345.6234 0.0000
354.3112 -286.0855 0.0156
274.5104 -395.7333 0.0156
28.1343 -406.1392 0.0000
361.3263 -340.8137 0.0781
243.4652 -378.3824 -0.0391
26.9097 -353.6058 -0.0469
348.7711 -359.9961 0.0156
350.6702 -343.5328 -0.0391
344.1301 -358.4489 0.0234
9.4049 -282.7530 -0.0078
11.8893 -346.3896 0.0234
191.6497 -371.8687 0.0234
426.2712 -354.1392 0.0469
172.1229 -368.2940 0.0078
18.8419 -342.1163 0.0000
499.4898 -316.4045 0.0625
67.9905 -396.4766 0.0312
157.7893 -371.3365 0.0078
417.4538 -358.0895 0.0547
268.3022 -387.8142 0.0312
310.8664 -389.2658 0.0156
28.0800 -358.8289 0.0469
32.2697 -368.7813 0.0391
296.6316 -348.1099 -0.0156
265.2227 -373.7539 0.0391
205.0415 -329.4000 -0.0547
28.7774 -342.4467 -0.0938
460.9460 -310.9501 0.0391
246.8827 -355.0366 0.0312
351.1776 -364.2681 0.0078
4.7638 -325.2863 0.0547
8.7672 -389.0303 -0.0703
128.8681 -395.0093 -0.0781
499.1200 -367.1460 0.0000
341.6696 -366.0329 0.0156
22.7576 -354.7784 -0.0078
295.4039 -270.5212 0.0625
260.4692 -361.2390 -0.0078
295.4824 -393.9024 0.0547
4.6779 -343.5083 0.0625
127.9154 -352.3139 -0.0312
35.2603 -367.0862 0.0156
533.8087 -361.3134 0.0234
30.4614 -349.5378 -0.0703
309.2141 -370.8435 -0.0938
236.3689 -359.3002 -0.0234
43.7816 -296.1867 -0.0078
390.0699 -307.2859 -0.0469
263.0871 -323.2733 0.0156
266.2104 -378.6387 0.0547
342.1113 -368.3504 0.0312
14.9641 -325.1335 0.0938
263.7545 -323.9565 -0.0234
382.3227 -320.2559 0.0312
38.3314 -308.3316 0.0625
299.3540 -393.0195 0.0469
311.2853 -358.7513 0.0078
65.5188 -310.7332 0.0859
266.0493 -330.3661 0.0625
309.9758 -349.5754 0.0547
39.4469 -287.8418 0.0859
259.0207 -379.5973 0.0000
23.9519 -362.9755 -0.0078
341.1524 -318.8632 0.0391
285.7398 -307.7110 0.0234
25.4745 -341.8523 0.0156
362.3035 -303.5958 0.0547
247.2516 -338.3225 0.0078
7.8242 -357.1844 0.0234
350.4542 -287.4950 0.0703
312.6971 -287.0215 -0.0625
15.8502 -319.3467 0.0000
318.5707 -275.3678 -0.0078
172.9910 -337.0810 0.0391
5.6605 -307.5055 -0.0156
488.5201 -302.7503 0.0000
20.2772 -314.4718 0.1016
297.1574 -321.5844 0.0703
276.0093 -296.7063 0.1250
24.8077 -382.3992 -0.0234
343.2953 -341.1524 -0.0391
238.5952 -347.8414 0.0000
27.1864 -299.3872 -0.0078
338.9705 -347.3889 -0.0234
245.8419 -273.5231 0.0234
306.7765 -358.4086 -0.0469
37.7468 -343.2099 -0.0547
364.0795 -304.9966 -0.0234
52.5703 -341.3069 0.0234
225.9989 -392.6506 0.0156
266.7070 -313.4562 0.0781
44.0092 -322.4835 0.0391
310.3811 -371.9413 0.0469
273.8245 -316.7873 0.0469
280.4564 -346.7669 0.0469
351.4067 -330.7290 0.0234
5.9562 -320.3192 0.0234
294.6290 -339.9501 -0.0156
45.5371 -351.2877 -0.0625
332.0981 -308.3132 -0.0234
263.4789 -286.7462 -0.0234
355.7094 -350.9993 0.0156
14.7750 -269.1147 0.0391
126.7099 -374.9848 -0.0625
24.3643 -364.1610 -0.0469
499.1175 -322.9408 -0.0078
31.7084 -398.7675 0.0078
133.5669 -391.6547 0.0078
417.7669 -360.2385 0.0312
381.9746 -370.1838 -0.0469
300.4229 -339.8702 -0.0078
21.6727 -326.9031 0.0156
282.0415 -321.5722 0.0234
307.3095 -364.9443 -0.0391
5.8528 -331.1326 0.0547
299.0088 -361.9500 0.0078
273.9742 -350.9054 0.0391
6.4576 -316.9856 0.0469
257.1948 -320.8499 0.0469
399.5822 -351.7797 0.0156
41.3708 -271.2897 0.0312
14.4368 -328.9234 -0.0234
120.5600 -318.2865 0.0000
430.8094 -337.9978 0.0547
242.3572 -356.0731 0.0312
23.6138 -369.5189 0.0000
371.4635 -337.8720 0.0703
235.9063 -356.6384 -0.0156
330.1831 -398.4489 -0.0312
14.5838 -356.7654 0.0078
193.5870 -374.9804 -0.0547
22.2820 -342.2273 -0.0781
446.0096 -318.9201 -0.0234
20.9430 -370.0602 -0.0312
134.0718 -358.7871 -0.0625
353.8174 -328.7248 -0.0156
330.1673 -374.8983 0.0078
347.6551 -380.6608 -0.0781
51.6906 -322.7501 0.0078
19.1884 -381.5759 -0.0312
140.1564 -377.9057 -0.0312
456.7857 -378.8702 0.0078
194.2579 -376.9345 -0.0312
30.4872 -349.7032 -0.0625
496.9370 -306.3278 0.0391
295.8431 -374.1169 -0.0391
0.0000 -370.4743 -0.0391
339.3123 -317.6117 0.0391
241.1497 -352.3946 -0.0625
421.0349 -332.2586 -0.0547
14.4680 -335.5928 -0.0234
309.9333 -309.7729 0.0000
338.0686 -361.4820 -0.0234
32.1993 -301.3419 0.0391
155.1928 -338.7068 -0.0234
10.6863 -331.4142 -0.0547
513.1458 -338.5635 0.0391
317.0850 -378.8380 -0.0469
50.3969 -394.3114 0.0078
295.6267 -358.4463 0.0859
43.5208 -347.4697 -0.0391
363.0872 -308.7195 -0.1016
266.0060 -330.6763 -0.0391
222.4652 -367.1440 -0.0078
416.0056 -387.0896 0.0391
36.0646 -318.1488 0.0703
275.8115 -373.7248 -0.0703
23.1723 -393.5922 -0.0391
385.1235 -329.9647 0.0156
128.2564 -365.3556 -0.0078
15.7328 -359.2522 -0.0469
410.2793 -325.2975 0.0234
25.8680 -363.2751 -0.0156
338.3897 -391.8457 -0.0078
269.8742 -362.9306 0.0391
280.5490 -325.3340 -0.0312
302.9204 -372.3927 -0.0234
24.1241 -339.4369 0.0234
182.5576 -332.9970 -0.0703
18.7988 -337.8011 -0.0859
477.0925 -307.3080 -0.0312
138.1618 -381.5306 0.0234
5.3037 -403.8300 0.0391
482.8653 -379.1623 0.0781
237.8592 -335.4629 0.0234
332.2495 -396.4736 0.0000
9.8411 -339.0209 0.0312
42.5266 -354.2581 0.0234
357.1962 -402.5527 0.0156
243.1984 -304.8787 0.0781
172.4001 -356.8724 -0.0469
27.9777 -341.9651 -0.0703
471.6724 -343.4405 0.0391
177.4046 -327.5176 -0.0859
16.6001 -292.1547 -0.0938
468.6715 -332.8325 -0.0391
252.0766 -365.1666 -0.0312
25.9172 -368.5358 0.0000
325.5112 -350.6853 0.0234
110.5918 -377.5475 -0.0234
27.6572 -376.5985 -0.0156
517.7708 -305.8679 0.0547
46.0759 -348.1481 0.0156
307.7290 -389.7368 -0.0156
280.2206 -306.4514 0.0625
147.2533 -392.6604 -0.0547
5.5707 -395.7302 -0.0625
520.0804 -325.5727 -0.0078
220.9446 -350.3957 0.0078
359.8515 -369.7097 -0.0156
16.2720 -353.3464 0.0469
181.6073 -366.4021 -0.0078
34.0297 -358.7406 -0.0469
494.9767 -308.3715 0.0391
202.3261 -349.6343 0.0469
298.6664 -405.9907 0.0156
21.3600 -357.8247 0.0625
387.5900 -331.9561 0.0234
383.2156 -410.3737 0.0859
51.3564 -281.5056 0.0703
269.6239 -325.3175 -0.0781
370.1062 -340.1158 -0.0469
24.3847 -278.7692 0.0078
36.2221 -367.8516 -0.0234
179.6284 -349.0786 -0.0156
425.6359 -309.1674 0.0000
48.5476 -382.4485 0.0312
135.5182 -375.9407 0.0391
462.2318 -345.2614 0.0547
245.5023 -300.7324 0.0234
457.8865 -322.2300 0.0703
15.4618 -285.8803 0.1094
15.4280 -297.3096 -0.0234
305.2651 -322.0043 -0.0547
252.8579 -261.4220 -0.0078
298.9839 -318.3707 0.0469
371.7592 -394.1847 0.0234
29.5399 -290.6503 0.0547
296.8674 -336.0117 -0.0391
324.7506 -351.4505 -0.0312
24.5860 -317.4452 -0.0078
105.1958 -394.0340 0.0000
15.5944 -370.2956 -0.0391
461.6529 -352.7313 0.0391
5.5508 -374.4001 -0.0547
187.2185 -356.6852 -0.0625
431.2971 -349.3064 0.0000
299.4267 -409.8827 -0.0391
41.0866 -411.3211 -0.0078
319.3648 -391.1936 0.0625
259.7867 -369.0897 0.0078
273.3420 -372.1570 0.0234
25.6672 -375.2436 0.0625
233.6985 -325.7752 -0.0703
411.8926 -293.7969 -0.0781
29.9671 -330.4837 -0.0469
241.0460 -357.2251 0.0312
394.1500 -345.6976 0.0156
17.1278 -299.4679 0.0703
273.1200 -343.8959 0.0547
26.7793 -326.7422 0.0156
399.1539 -263.6487 0.0078
24.2893 -364.9581 -0.0078
138.7922 -371.7979 -0.0156
453.4386 -341.9929 0.0547
22.1309 -387.0622 -0.0625
211.0593 -370.7455 -0.0078
428.1998 -300.5291 -0.0078
161.9745 -375.6674 -0.0391
13.5248 -364.1314 -0.0234
453.5533 -315.3853 0.0000
13.8488 -363.4339 -0.0234
141.0693 -360.1201 -0.0469
491.8656 -341.9377 -0.0078
144.9700 -368.5573 -0.0234
14.3578 -356.5506 -0.0234
510.3147 -329.9677 0.0312
280.0162 -328.2553 0.0078
360.6047 -373.2614 0.0312
26.7465 -290.2334 0.0312
223.8978 -336.4853 0.0000
417.8192 -369.0204 -0.0234
33.0927 -312.4136 -0.0312
269.0444 -344.2405 -0.0312
318.2704 -383.1639 -0.0078
10.3294 -335.2940 0.0234
168.0470 -337.7175 0.0078
42.8917 -325.1245 -0.0156
543.3791 -275.3376 0.0625
14.1295 -370.8380 0.0312
163.5949 -363.1282 -0.0312
377.6679 -338.0129 0.0469
56.5282 -344.9421 0.0000
372.1217 -318.2581 -0.0391
232.4230 -316.9613 0.0312
10.4500 -376.2111 0.0156
111.9193 -414.6301 -0.0547
369.6579 -350.2381 0.0391
299.6681 -349.0158 -0.0078
20.7644 -358.4187 0.0078
358.6496 -318.7159 0.0703
170.7131 -412.4514 0.0391
33.0742 -362.4516 -0.0156
476.6448 -329.4228 0.0781
10.6949 -287.9350 -0.0078
518.1889 -287.6233 -0.0391
266.6077 -272.0433 0.0391
