169.5228 -380.3515 -0.0078
28.1913 -388.3456 0.0078
514.1237 -360.4996 0.0469
141.5569 -411.9561 -0.0547
25.7902 -391.3210 -0.0625
423.3971 -341.5969 0.0312
236.7915 -361.4030 -0.0547
337.9112 -393.1484 -0.0469
9.8687 -347.1870 -0.0156
33.3213 -383.8112 -0.0078
164.0816 -385.5935 -0.0312
486.4234 -330.0854 0.0469
289.6150 -351.0191 0.0078
269.1268 -404.0852 0.0391
0.0000 -339.0283 0.0547
13.6367 -380.3989 -0.0156
311.1039 -388.3950 0.0234
248.4233 -397.0276 0.0625
5.5636 -362.5288 0.0391
256.6146 -400.1315 0.0078
262.3135 -335.6215 0.1016
227.7709 -388.9890 -0.0234
16.1731 -412.3651 -0.0234
324.7598 -373.8417 0.0469
17.7679 -410.2515 0.0547
113.0143 -407.5338 0.0469
385.8327 -352.4941 0.0703
129.4419 -426.4915 0.0078
10.9023 -391.9306 0.0000
510.5066 -377.2813 0.0469
136.9167 -407.4674 -0.0312
26.9157 -378.3995 -0.0703
507.0426 -311.5582 -0.0156
242.6755 -397.8502 -0.0312
331.4822 -412.5675 -0.0156
29.0422 -351.8063 0.0156
230.5914 -396.7568 0.0703
320.5728 -406.1771 0.0312
6.5595 -366.5113 0.0781
138.6147 -393.1237 -0.0547
5.9400 -368.7664 -0.0391
438.3960 -365.2505 -0.0156
3.7266 -389.6305 0.0000
121.7055 -396.0416 0.0234
379.3322 -346.9555 0.0391
225.0012 -428.8509 0.0000
358.9462 -407.6467 0.0000
17.0635 -382.6222 0.0547
129.8794 -358.4999 -0.0547
40.8791 -357.0797 -0.0625
488.0186 -379.8406 -0.0078
37.2724 -363.4364 -0.0312
338.4303 -354.7081 -0.0547
250.1251 -343.0792 0.0156
237.8915 -406.6629 0.0000
368.6624 -407.8457 -0.0078
11.1730 -372.4768 0.0391
29.9848 -365.0013 -0.0078
155.2905 -385.5836 -0.0312
406.4754 -329.8398 0.0469
234.6321 -369.6578 0.0156
296.0376 -393.9897 0.0625
26.0658 -375.1175 0.0469
25.9217 -395.0769 0.0391
147.3129 -410.8575 0.0547
447.5530 -386.8648 0.0469
216.4865 -375.3936 0.0312
41.5486 -377.1218 0.0156
370.5782 -335.6873 0.0703
208.4853 -387.2242 0.0234
12.8476 -416.1171 0.0156
351.5288 -351.8165 0.0938
11.9976 -375.7073 -0.0391
299.3651 -379.6666 -0.0625
236.9469 -365.3928 -0.0078
287.3210 -361.5334 0.0156
330.6663 -356.8369 -0.0156
5.5253 -308.0751 0.1016
217.9867 -379.9536 0.0000
378.9538 -392.1668 0.0078
31.2734 -368.2707 0.0391
2.8184 -372.1372 -0.0547
152.7837 -390.3153 -0.0547
464.4440 -351.7902 -0.0234
257.7559 -345.6933 -0.0078
27.5783 -409.7155 -0.0234
360.3059 -342.2747 0.0078
247.8310 -360.1438 -0.0547
31.9739 -350.8859 -0.0469
401.0744 -323.3566 0.0078
36.2565 -388.5120 0.0703
306.4896 -397.8363 0.0391
191.7381 -362.5675 0.0938
29.7948 -401.8517 0.0469
322.4515 -383.6861 -0.0312
167.9207 -387.5982 0.0781
12.2514 -356.0481 0.0000
118.5437 -401.4090 -0.0391
404.9241 -335.5966 0.0391
6.2672 -382.2273 -0.0469
287.7479 -397.7819 -0.0781
195.6886 -358.9356 0.0078
283.0576 -396.2352 -0.0234
328.8856 -408.0194 0.0000
20.7241 -390.6089 0.0078
179.8203 -424.6779 0.0391
31.1435 -417.1346 0.0000
430.8063 -374.1344 0.0781
39.4561 -378.7591 0.0391
279.9791 -387.0664 0.0547
212.0371 -377.6662 0.0625
26.7909 -388.3273 -0.0156
335.1797 -370.8754 -0.0234
186.2718 -360.6686 0.0781
275.0623 -390.1639 -0.0234
402.8799 -379.9098 0.0000
34.5977 -341.8292 0.0156
184.8457 -388.5347 0.0312
331.1847 -377.1957 0.0156
5.8528 -364.9548 0.0547
41.4130 -357.7818 -0.0547
161.8426 -330.3647 -0.0938
387.8232 -333.2345 -0.0469
245.0934 -388.3689 -0.0547
10.2564 -402.7230 -0.0078
333.7986 -387.2662 0.0547
291.4628 -385.6385 0.0391
381.3707 -389.2715 0.0547
18.5738 -344.3928 0.0781
28.1272 -370.7707 -0.0312
196.5337 -356.5886 -0.0625
408.9235 -340.6711 0.0000
10.3714 -399.0901 -0.0312
127.7995 -365.4229 -0.0391
442.4873 -361.1416 -0.0156
14.7796 -346.6462 0.0391
285.8114 -390.6631 0.0547
245.3297 -334.2103 0.0547
259.3602 -373.7622 -0.0078
263.2555 -450.8313 0.0391
9.8519 -349.6822 0.0391
274.5397 -404.7346 0.0625
24.9218 -400.2750 0.0547
308.2102 -350.4814 0.1172
243.5559 -398.3300 -0.0781
31.1879 -371.4071 -0.0547
304.2041 -356.1936 0.0000
15.5897 -374.1085 0.0312
326.9008 -367.5227 -0.0156
221.5650 -375.2801 0.0078
286.0103 -375.5929 0.0547
230.7395 -415.4342 0.1016
12.0770 -376.8666 0.0781
269.1661 -383.1008 0.0000
44.6110 -346.8149 -0.0312
306.4907 -345.2517 0.0312
46.0367 -329.0938 -0.0078
364.7790 -359.2483 -0.0625
267.2566 -337.1141 -0.0234
18.1396 -388.6751 0.0000
171.8189 -369.7277 -0.0547
397.2979 -387.3714 0.0391
244.6667 -382.9426 -0.0391
401.1743 -397.4355 -0.0469
14.1883 -355.6175 0.0000
24.1969 -391.3916 -0.0469
134.3629 -376.8845 -0.0312
375.5509 -367.8588 -0.0078
297.0687 -345.1203 0.0234
369.3188 -364.7279 -0.0469
27.4637 -343.8930 0.0078
210.8832 -382.1719 -0.0156
341.6008 -382.1037 -0.0469
25.7985 -357.0942 0.0156
10.0576 -380.0458 0.0234
359.5893 -354.9523 -0.0156
219.8679 -371.0003 -0.0234
272.4925 -393.5910 0.0156
259.6505 -392.0817 0.0234
17.7283 -388.5695 0.0703
219.9265 -396.2393 0.0078
357.6001 -361.9643 0.0000
29.5013 -331.8203 0.0469
33.0282 -379.2881 0.0000
298.2242 -403.9729 0.0000
258.8296 -367.3582 0.0547
114.0109 -382.0011 -0.0234
22.8625 -363.4541 -0.0312
463.4778 -336.4630 0.0156
271.8076 -408.6167 -0.0156
41.1090 -400.7291 0.0078
303.4417 -378.0517 0.0391
135.5221 -380.0085 -0.0469
21.2349 -394.6432 -0.0234
513.4259 -353.1100 0.0234
263.7823 -398.1422 0.0547
309.1540 -437.9596 0.0391
17.5232 -367.1547 0.0859
15.0144 -380.0211 0.0000
304.0362 -355.8290 -0.0469
271.3003 -365.4918 0.0312
235.3729 -406.0202 0.0391
309.6379 -377.9868 0.0156
5.8528 -360.2153 0.0469
217.6323 -375.4990 0.0469
331.8186 -392.6459 0.0703
11.0298 -342.1508 0.0859
120.2039 -409.2417 -0.0078
37.2148 -359.5532 -0.0469
470.5868 -340.8038 0.0547
18.9306 -381.1023 -0.0703
173.1133 -380.5568 -0.0703
412.3433 -353.0011 -0.0391
152.4428 -397.1296 -0.0469
24.7313 -346.4905 -0.0781
454.9235 -363.5279 0.0000
9.6411 -393.2165 -0.0234
185.2089 -368.7789 -0.0469
399.8133 -361.3446 0.0469
25.3302 -345.0497 -0.0391
303.3722 -390.8756 -0.0625
222.2000 -366.8534 -0.0312
111.6817 -399.4790 -0.0234
29.0611 -388.6938 -0.0156
389.0126 -362.2658 0.0391
133.2689 -367.7636 -0.0547
18.8631 -383.7757 -0.0391
447.8944 -332.4481 0.0234
275.9618 -360.4094 0.0234
256.1671 -415.1495 0.0391
22.3319 -353.1270 0.0938
168.0799 -388.6846 -0.0234
18.5417 -357.1487 -0.0078
509.9466 -380.2281 0.0078
282.6299 -357.1126 -0.0391
20.2082 -374.6835 -0.0391
265.4886 -388.3724 0.0156
253.6950 -390.0960 0.0312
24.3388 -435.4807 0.0391
323.2993 -344.4602 0.0859
28.4196 -402.5379 0.0391
372.2392 -359.9063 -0.0547
220.2755 -385.4926 0.0547
15.6817 -394.1559 -0.0391
130.0192 -359.0793 -0.0469
384.8021 -412.0238 -0.0078
299.5189 -383.5267 -0.0781
29.3746 -382.5165 -0.0312
290.5277 -397.4924 0.0391
119.8773 -402.9004 -0.0469
34.6515 -371.3850 -0.0312
487.3151 -350.8530 0.0469
274.6755 -331.7913 -0.0156
349.0568 -366.3342 -0.0469
61.0221 -338.5720 0.0078
29.9922 -396.0097 -0.0312
248.7684 -408.1295 -0.0547
215.4223 -338.3210 0.0312
152.4498 -433.4640 0.0156
18.5542 -376.6820 -0.0234
463.5899 -390.9260 0.0469
250.3378 -417.3650 -0.0312
32.2455 -402.7726 -0.0312
301.1057 -324.0086 0.0391
257.5428 -349.2043 -0.0234
430.7766 -381.9735 -0.0703
16.1401 -341.0850 -0.0391
10.9220 -357.4964 -0.0781
178.1727 -369.5238 -0.0781
407.5964 -362.8905 -0.0156
192.2106 -386.1740 -0.0781
10.7367 -388.9997 -0.0469
332.6821 -336.2360 0.0312
248.1129 -366.0827 -0.0078
355.6973 -375.2980 0.0234
38.3239 -313.4471 0.0469
268.6840 -370.2791 0.0078
362.1962 -404.0794 0.0000
35.9072 -356.0193 0.0000
159.2655 -388.1527 -0.0625
30.6046 -368.9145 -0.0469
553.0984 -345.2349 0.0156
313.6153 -365.1659 0.0078
26.2705 -382.5340 -0.0234
331.3173 -408.0710 0.0391
30.8174 -383.1492 0.0312
294.3543 -415.5826 0.0234
261.4788 -374.4635 0.0547
29.1208 -410.4012 -0.0156
122.2505 -387.5095 -0.0234
406.4709 -347.3200 0.0312
242.1814 -415.3540 0.0234
290.6861 -402.8920 0.0078
18.1407 -394.9839 0.0625
252.6617 -386.5388 -0.0156
405.2728 -371.8789 0.0547
9.4846 -361.3973 0.0469
4.5736 -377.3480 -0.1250
127.1728 -363.3079 -0.1016
397.4790 -358.2106 -0.0156
280.5459 -406.5120 0.0625
306.3813 -384.8937 0.0156
5.8777 -378.8046 0.0781
249.2921 -385.0535 -0.0312
15.9125 -408.1548 -0.0234
355.3570 -358.2963 0.0312
25.9220 -382.7684 -0.0234
341.8948 -378.6611 -0.0625
164.1974 -375.8337 0.0469
39.6048 -390.8835 0.0000
297.7119 -393.1650 -0.0547
218.1041 -375.5391 0.0234
251.7283 -393.5043 0.0156
33.1002 -396.0110 -0.0234
321.1817 -329.6766 0.0547
276.4207 -388.3502 0.0156
311.7905 -381.6901 0.0156
33.6706 -334.2390 0.0703
252.8482 -406.0021 0.0625
32.6575 -416.7717 0.0547
300.0201 -349.3112 0.1016
137.2146 -409.2096 -0.0234
41.5884 -365.4099 -0.0156
506.0131 -359.3282 0.0000
8.9103 -416.6967 0.0156
133.2636 -379.2126 0.0078
399.7551 -365.6494 0.0469
11.3149 -415.5492 -0.0156
122.1123 -404.5244 0.0078
376.6201 -354.9337 0.0469
202.7550 -373.4991 0.0078
358.4308 -391.8312 -0.0312
4.8871 -365.3912 0.0000
29.9181 -359.0927 -0.0469
342.5695 -369.3544 -0.0156
162.5545 -345.2604 0.0234
282.7373 -408.0196 0.0234
11.3995 -388.7624 0.0078
331.6080 -395.6165 0.0547
139.9883 -386.2065 -0.0156
21.2429 -389.4407 -0.0078
465.3923 -331.3015 0.0312
41.1961 -362.3768 -0.0156
283.3917 -365.0751 -0.0391
247.4905 -376.3755 0.0391
49.3499 -402.3402 0.0000
144.7659 -380.0700 -0.0078
353.0722 -346.1877 0.0391
41.8521 -341.0290 0.0156
321.2119 -403.3332 -0.0156
258.4534 -380.5366 0.0391
309.6839 -376.5255 0.0078
299.6533 -368.2557 -0.0312
33.2064 -316.8331 0.0469
120.2390 -426.9477 0.0469
9.0432 -398.3817 0.0391
558.7376 -396.3465 0.0781
23.0381 -392.0308 0.0000
279.0616 -405.1400 -0.0234
266.0822 -374.9990 0.0469
275.2841 -376.4462 0.0312
311.4573 -396.7525 0.0156
18.3794 -324.8528 0.0859
194.8450 -435.7642 -0.0078
20.3478 -405.7739 -0.0156
456.3090 -388.7776 0.0547
232.4297 -378.0155 -0.0078
344.9046 -383.8725 -0.0469
13.5457 -383.4760 0.0234
139.5675 -397.8421 -0.0312
29.0305 -382.2294 -0.0469
468.8488 -368.8743 0.0234
159.9287 -373.1066 -0.0156
26.8109 -376.4659 -0.0234
462.0349 -319.4711 0.0625
283.7938 -368.4265 0.0078
347.1533 -392.4978 0.0000
32.2462 -326.4187 0.0625
251.4923 -402.2682 0.0547
328.4869 -411.6046 0.0391
0.0000 -390.0090 0.0547
304.4106 -378.9693 0.0469
305.9190 -413.1914 0.0391
24.7622 -324.2708 0.0938
279.7651 -356.4802 -0.0781
26.1991 -394.9831 -0.0703
272.4040 -381.7352 0.0078
13.3795 -410.9727 -0.0156
119.3495 -375.7670 -0.0234
407.2276 -400.6355 0.0547
23.2561 -353.8879 0.0312
318.3522 -369.9263 0.0234
217.0488 -299.6063 0.0781
143.4668 -397.3267 -0.0781
22.4068 -356.7381 -0.1172
427.5855 -311.6525 -0.0234
5.2317 -366.4603 -0.0078
137.8247 -388.6487 -0.0234
498.0516 -311.6807 0.0078
300.7564 -373.7468 -0.0625
25.3909 -379.0622 -0.0625
356.9626 -342.1090 0.0312
200.1027 -383.9495 0.0000
341.0643 -369.9358 0.0000
0.0000 -381.7226 0.0234
14.4716 -388.4852 0.0078
176.3592 -387.2321 -0.0156
336.4037 -370.6103 0.0234
252.0716 -387.2839 -0.0156
5.1947 -412.2318 0.0078
343.9358 -338.0462 0.0625
284.9956 -374.8750 -0.0469
37.4089 -362.7622 -0.0547
324.4677 -351.3402 -0.0156
111.8739 -419.0844 -0.0469
21.1468 -401.1021 -0.0391
488.4344 -377.5160 0.0625
4.7460 -438.6171 0.0469
121.3567 -428.5125 0.0312
407.0945 -400.9235 0.0469
21.0499 -393.5289 0.0938
270.2388 -399.3297 0.0625
243.2666 -363.5985 0.1094
111.9731 -365.0207 -0.0469
15.3884 -347.2000 -0.0469
454.9794 -336.1457 -0.0156
293.6937 -407.2510 0.0859
259.0943 -400.5356 0.0391
10.1022 -362.2396 0.0938
267.4907 -425.5392 0.0078
22.8477 -405.5128 0.0000
282.3136 -379.3031 0.0391
275.8084 -365.8558 -0.0156
29.2713 -392.1290 -0.0391
341.4051 -350.3487 0.0156
27.5955 -383.8505 -0.0625
188.5767 -367.0733 -0.0938
338.5582 -356.5668 0.0078
270.7340 -391.8006 0.0234
255.4019 -382.0806 0.0312
17.4479 -361.2203 0.0703
211.2420 -354.9658 -0.0547
21.6225 -392.2570 -0.0234
341.8312 -334.7079 0.0156
303.6048 -404.5757 0.0703
19.7972 -374.8118 0.0859
401.8394 -316.7083 0.1484
142.2243 -377.3233 -0.0312
22.4979 -374.5527 -0.0078
460.4854 -396.2078 0.0469
52.5075 -361.5294 -0.0156
320.7606 -359.8254 -0.0312
202.2070 -365.5793 0.0234
157.0894 -412.5595 -0.0469
15.0257 -380.2420 -0.0938
415.6324 -329.2206 0.0156
229.8995 -419.2800 0.0312
354.4701 -395.8537 0.0156
10.7647 -417.2708 0.0625
206.6153 -369.9234 -0.0391
369.3912 -391.7283 0.0156
36.2047 -353.7621 0.0312
189.5291 -338.2642 -0.0547
379.7339 -367.5633 -0.0469
36.0685 -347.0535 -0.0078
142.0645 -394.3168 0.0000
14.2357 -378.7222 0.0078
490.1993 -377.5298 0.0391
290.9644 -368.8331 -0.0156
31.6146 -348.3968 -0.0312
394.8049 -345.2010 0.0469
270.6964 -380.3704 -0.1328
37.5766 -382.6494 -0.0859
359.4682 -336.7858 -0.0547
112.1718 -385.7002 -0.0156
11.6005 -370.7097 -0.0312
516.0078 -373.4638 0.0547
214.2810 -392.3514 -0.0156
21.0089 -365.2531 -0.0078
525.0379 -392.4865 0.0547
16.4748 -373.7287 -0.0156
310.1955 -364.9948 -0.0312
230.1497 -348.0948 0.0156
15.5897 -374.0535 0.0000
143.9232 -370.1532 -0.0469
371.1017 -352.1553 0.0391
154.0870 -352.9271 -0.0547
19.6294 -334.8422 -0.0469
489.5212 -323.8651 -0.0078
17.5809 -413.4975 -0.0078
124.8937 -401.6218 0.0078
404.5068 -374.4740 0.0078
230.2920 -398.5404 0.0391
316.8787 -385.0396 0.0078
8.3854 -378.9894 0.0391
217.5913 -396.5974 0.0859
337.7667 -422.4495 0.0312
8.0628 -395.4260 0.1016
125.5432 -345.8757 -0.0078
19.4667 -333.6597 -0.0391
516.3895 -323.0687 0.0078
4.5736 -376.9737 -0.0234
150.5853 -383.2201 0.0078
434.3641 -351.2105 0.0078
249.4834 -412.2306 0.0078
10.3048 -420.0072 0.0078
300.6208 -382.3546 0.0547
12.7009 -428.3213 0.0391
119.5047 -389.6791 0.0156
416.1522 -366.8840 0.0469
141.5135 -410.1674 0.0547
35.9756 -373.2365 0.0312
526.7070 -341.7557 0.0703
323.2770 -356.6370 -0.0156
249.2286 -404.0508 0.0234
21.1064 -339.4796 0.0469
240.6155 -374.2071 0.0234
387.4366 -389.3537 0.0078
14.2045 -324.3978 0.0781
198.2491 -368.9835 -0.0156
356.7620 -386.8386 -0.0078
21.7026 -345.1826 -0.0078
50.7851 -378.1162 -0.0156
307.3069 -420.8266 -0.0156
242.4161 -379.6578 0.0703
236.3462 -398.3719 0.0859
346.4312 -423.5325 0.1016
14.6331 -364.1327 0.0859
201.1463 -390.7572 -0.0312
31.3283 -409.0529 -0.0234
358.3924 -323.6596 0.0391
179.3819 -355.0484 0.0078
339.7343 -378.1642 0.0391
3.8071 -354.3352 0.0391
253.1729 -419.5434 0.0000
17.8877 -429.1243 0.0234
324.7180 -376.6390 0.0547
11.0337 -418.6354 0.0391
130.2314 -414.8103 0.0156
368.3760 -357.2239 0.0781
325.0687 -388.7110 0.0234
323.2418 -399.3000 -0.0234
35.9453 -359.3391 0.0625
11.3837 -367.4480 -0.0391
307.8720 -378.1046 -0.0625
267.9176 -353.4156 0.0156
302.8751 -394.2297 0.0234
347.0439 -383.3243 -0.0234
22.2514 -342.7450 0.0156
216.1579 -338.0426 0.0234
432.3242 -401.4817 -0.0312
11.7725 -332.7371 -0.0156
34.9232 -383.0716 -0.0156
270.5952 -363.9072 -0.0078
263.3355 -365.4511 0.0234
247.8379 -353.2174 0.0156
406.2001 -348.2045 -0.0391
23.8085 -323.0337 0.0000
265.4445 -400.2676 0.0703
309.7966 -422.5375 0.0625
37.2085 -359.7963 0.1016
29.3448 -379.7869 0.0234
300.9195 -381.6500 -0.0156
187.7178 -369.7200 0.0547
31.0529 -381.0258 -0.0234
331.5281 -376.2923 0.0234
250.3195 -389.3167 0.0391
125.8396 -385.4411 -0.0234
22.8547 -373.7461 -0.0234
462.0968 -384.2024 0.0312
31.8486 -369.2430 0.0547
270.3746 -375.5698 0.0234
192.7287 -310.4868 0.0781
227.9596 -369.3344 0.0000
411.7605 -355.8336 0.0078
12.4834 -328.8678 0.0312
38.6495 -382.0867 -0.0703
107.7632 -368.4577 -0.0391
390.8398 -339.0894 -0.0078
251.5597 -382.8960 -0.0156
278.8118 -372.4442 -0.0156
17.8003 -353.8270 0.0469
321.4358 -366.2598 -0.0781
16.6772 -327.1753 -0.0547
348.5187 -321.3485 0.0078
21.8059 -389.4006 0.0156
317.4434 -358.9806 0.0078
234.2689 -372.1255 0.0312
141.2137 -425.1847 -0.0391
3.3056 -430.9589 -0.0547
422.1856 -368.5227 0.0469
324.5833 -379.7814 -0.0312
271.5703 -427.0868 -0.0078
17.3145 -349.9527 0.0625
244.3271 -380.1827 0.0000
33.7005 -412.1568 0.0156
351.0838 -360.8619 0.0703
278.6842 -431.8635 0.0234
11.2742 -389.1391 0.0547
343.1264 -362.1527 0.0703
294.1386 -373.3220 -0.0547
301.8418 -397.8602 -0.0234
16.7277 -353.7615 0.0234
52.7426 -368.5048 0.0547
304.5002 -394.3562 0.0391
188.2339 -350.9643 0.0703
38.6217 -336.4917 0.0000
364.9022 -360.4415 -0.0859
218.9595 -345.7138 0.0000
8.5341 -394.9465 -0.0234
145.3453 -392.2201 -0.0234
338.0348 -376.4142 0.0391
297.5106 -400.1880 0.0234
320.2486 -387.1329 0.0078
3.9883 -343.3145 0.0469
246.5308 -431.3633 0.0703
29.7902 -418.5036 0.0547
317.9528 -383.4655 0.0625
3.9655 -415.2194 0.0078
106.6908 -400.3787 0.0391
442.0641 -332.7810 0.0625
164.0719 -408.6252 -0.0703
41.2901 -370.1152 -0.0547
430.4655 -380.5083 0.0156
127.0127 -381.1388 -0.0391
32.9101 -371.6471 -0.0469
441.7718 -362.1126 0.0391
203.6041 -381.9608 0.0469
266.6083 -430.5705 0.0859
17.4649 -367.7227 0.0781
243.1257 -384.6107 0.0234
305.2658 -401.1219 0.0234
15.0169 -354.5655 0.0547
260.3359 -425.8539 0.0234
308.4873 -390.7858 0.0156
16.6803 -397.6261 0.0547
13.3113 -384.9926 0.0312
282.0240 -383.8114 -0.0391
218.7742 -367.6370 0.0625
245.7379 -398.9544 0.0391
274.5995 -392.0735 0.0391
21.1644 -361.2407 0.0703
279.3889 -394.5534 -0.0234
5.6605 -401.5814 -0.0078
346.5083 -353.4035 0.0234
37.4334 -374.2904 0.0156
265.4180 -370.0652 0.0156
225.6423 -341.5896 0.0078
166.6949 -392.9788 -0.0234
36.1049 -370.7194 -0.0312
522.8251 -347.7287 0.0312
139.5132 -414.0013 0.0156
15.7327 -400.8081 0.0234
457.4559 -372.2592 0.0781
32.4904 -398.0853 -0.0234
141.6326 -390.3677 -0.0234
380.7466 -428.8383 0.0547
297.2737 -346.4909 -0.0312
324.5623 -347.2520 -0.0078
11.9226 -318.8598 0.0391
267.9295 -390.4531 0.0234
24.6480 -425.6268 0.0625
319.2591 -414.5943 0.0859
263.7965 -355.4562 0.0000
225.9589 -411.4385 0.0625
15.0140 -355.6758 0.0625
195.1708 -395.8365 0.0391
41.6549 -379.5983 -0.0391
419.2718 -382.1975 0.0469
26.6981 -406.1842 -0.0391
297.6010 -377.5553 -0.0312
205.1873 -380.7827 0.0156
194.5035 -377.5975 -0.0312
338.5302 -394.0202 0.0000
27.8811 -378.0521 0.0156
230.5030 -383.1992 0.0234
363.7257 -395.4395 -0.0078
21.9613 -359.6421 0.0469
28.0038 -379.0271 -0.0078
166.2663 -390.3801 0.0000
400.6405 -361.5302 0.0078
9.6841 -395.1667 -0.0391
167.9022 -391.7796 -0.0547
417.5738 -360.6783 0.0000
24.5041 -385.0751 0.0312
292.7631 -383.8807 -0.0078
225.6568 -386.0993 0.0312
313.0961 -383.6808 0.0000
6.4754 -410.5681 0.0234
311.1704 -386.2336 0.0469
127.5367 -408.9552 0.0781
22.7270 -398.0459 0.0625
529.4452 -363.7517 0.0938
40.3279 -395.5373 0.0625
266.8270 -395.8546 0.0078
184.4219 -359.4106 0.0938
183.5739 -369.1973 -0.0156
29.8759 -350.6131 -0.0391
508.9098 -359.2096 -0.0156
116.2771 -401.8091 0.0000
16.8446 -393.7628 -0.0312
484.1854 -346.6416 0.0469
157.2132 -402.6163 -0.0312
43.2157 -390.8496 -0.0234
460.1053 -382.3614 0.0156
4.5736 -385.0269 -0.0234
313.4499 -392.2005 -0.0703
204.9184 -378.1569 0.0312
10.1341 -385.9498 -0.0547
162.7377 -377.1123 -0.0547
372.8005 -331.2705 0.0078
133.0294 -374.0652 -0.0156
19.9903 -367.0789 0.0391
481.4325 -375.8106 0.0234
5.1398 -410.3103 0.0156
311.3205 -402.4137 -0.0469
203.5438 -377.0856 0.0469
35.9239 -395.9999 -0.0469
288.9606 -399.9513 -0.0312
228.0684 -394.4989 0.0312
17.3989 -395.0010 0.0078
306.9687 -422.9779 0.0078
244.4033 -367.4367 0.0391
274.3953 -374.4146 0.0000
337.2171 -392.8822 0.0078
8.5279 -329.6658 0.0078
13.2651 -396.9354 -0.0078
145.2433 -372.4877 0.0000
431.0845 -350.9797 0.0781
287.2152 -387.4374 0.0391
16.1406 -394.4354 0.0625
328.5574 -341.1478 0.0938
56.3212 -355.9962 -0.0312
354.6544 -394.2161 -0.0938
274.8945 -343.5879 -0.0391
304.7132 -385.5734 0.0312
293.6009 -407.3741 0.0391
26.0845 -374.8277 0.0781
28.6674 -357.2525 -0.0312
263.6920 -397.2851 -0.0547
181.8617 -352.3416 0.0234
259.1550 -391.2993 0.0000
338.9811 -389.0476 -0.0078
34.8928 -359.0147 0.0234
210.6738 -387.8018 0.0938
326.1539 -402.6737 0.0703
8.7310 -363.4766 0.0859
286.8997 -375.7281 -0.0312
306.8714 -370.0984 -0.0391
24.9193 -345.8149 0.0000
210.7091 -373.3653 0.0078
355.1823 -421.2724 0.0078
30.6438 -354.5332 0.0703
221.8131 -399.5917 0.0156
341.4695 -395.6176 -0.0469
8.9243 -378.0606 0.0312
212.1656 -368.2660 0.0156
355.2844 -373.3977 -0.0391
14.2049 -335.0821 0.0547
214.1569 -386.0786 -0.0312
27.7975 -408.7000 -0.0391
329.4294 -332.5313 0.0156
267.1265 -405.2265 -0.0234
40.7761 -369.6011 -0.0312
360.9497 -370.4633 -0.0156
282.9022 -374.5899 0.0000
250.4285 -420.3695 0.0469
19.0530 -357.9721 0.0703
276.1558 -378.4898 -0.0078
304.2768 -393.1661 0.0000
5.8528 -378.8531 0.0391
346.0012 -389.9547 -0.0469
33.6173 -375.6077 0.0000
348.8683 -398.9218 0.0469
309.8436 -383.0508 0.0156
297.6902 -418.4614 0.0469
8.0628 -352.2619 0.0859
228.2249 -408.6826 0.0859
24.8735 -424.7964 0.0703
312.6395 -352.9542 0.1094
153.3090 -398.6065 -0.0312
23.2320 -388.2132 -0.0391
383.4960 -374.7740 0.0547
208.7148 -379.5665 -0.0312
353.3214 -385.8199 -0.0156
21.0185 -356.8989 0.0312
266.6858 -417.2412 -0.0156
32.8670 -419.9115 0.0234
272.0256 -389.9417 0.0703
27.0284 -385.4954 -0.0469
297.7709 -388.6259 -0.0234
265.0282 -342.7756 0.0000
137.0187 -362.9621 -0.0234
13.2981 -370.4941 -0.0859
488.9847 -359.0236 0.0078
272.1298 -402.2808 0.0000
21.2232 -404.3753 -0.0312
380.3268 -374.4546 0.0625
261.8267 -389.0351 0.0234
337.6173 -358.2376 0.0234
15.2824 -356.2986 0.0391
237.1766 -361.8781 -0.0391
23.8951 -357.7154 -0.0469
365.3776 -314.8220 0.0312
302.5308 -377.0887 0.0078
32.0238 -389.4888 0.0469
342.1529 -370.6572 0.0781
214.4401 -354.9403 0.0156
333.1033 -416.0052 -0.0078
10.3095 -370.7726 0.0312
163.8375 -389.8461 -0.0312
26.3154 -357.7505 -0.0625
441.7800 -336.1505 -0.0234
196.3887 -361.4342 -0.0312
378.9043 -385.6887 -0.0078
9.7748 -352.3143 0.0156
220.5940 -389.2610 0.0000
28.9605 -425.0012 0.0078
339.4142 -397.9370 0.0625
268.9436 -376.0419 0.0391
297.4077 -385.1724 0.0312
0.0000 -327.2882 0.1016
42.8061 -392.3014 0.0156
301.6239 -394.4594 0.0078
234.8138 -396.3230 0.0469
205.6760 -381.0256 0.0391
300.9603 -383.5160 0.0078
4.7427 -354.3194 0.0469
259.2318 -427.7607 0.0391
23.1191 -407.2632 -0.0078
307.0787 -371.3755 0.0859
278.8080 -401.6098 0.0000
317.6099 -410.9918 0.0156
36.9980 -315.0115 0.0547
239.0194 -397.2356 -0.0547
29.0277 -409.8112 -0.0234
326.4054 -351.9778 0.0312
187.6299 -398.2331 -0.0312
17.6991 -368.0532 -0.0234
484.9796 -342.7643 0.0234
116.3364 -404.0556 0.0312
14.4478 -391.7086 -0.0078
448.8070 -318.4278 0.0469
28.1257 -393.0287 0.0469
150.8956 -374.2233 0.0312
383.6343 -397.1787 0.0469
258.2123 -379.9117 -0.0469
14.7739 -384.2827 -0.0078
350.9937 -392.3999 0.0312
292.4968 -391.9336 -0.0234
27.1433 -384.3126 -0.0391
344.8936 -360.8454 0.0000
115.7971 -405.0247 -0.0234
13.0702 -380.7329 -0.0625
427.9327 -333.5753 0.0312
267.0530 -351.9202 -0.0156
281.1730 -389.9362 -0.0078
5.5908 -357.5413 0.0312
22.6333 -369.2736 0.0391
261.5279 -389.7128 0.0156
250.6188 -371.0663 0.0625
34.2231 -372.3339 0.0234
305.9702 -346.0625 0.0000
202.8305 -374.1684 0.0625
162.7938 -413.5754 0.0000
42.4311 -380.0789 -0.0391
486.8737 -384.4230 0.0625
21.9948 -391.9139 -0.0078
138.5797 -401.7253 -0.0156
372.5560 -391.3820 0.0156
236.3042 -388.6223 0.0156
277.4498 -433.3899 0.0234
19.7755 -379.6133 0.0469
135.7168 -404.0428 -0.0156
32.7166 -374.9500 0.0000
486.3407 -394.8925 0.0469
273.0624 -401.9916 0.0234
23.5702 -415.7366 0.0312
381.5743 -367.7523 0.0859
15.3274 -388.4068 0.0078
315.1477 -375.1164 -0.0469
178.8195 -367.6581 0.0156
261.6749 -354.8425 0.0547
255.1996 -394.7030 0.0781
19.0259 -315.6026 0.0938
260.4892 -400.3345 -0.0391
16.6471 -378.2226 -0.0547
317.0407 -338.7278 0.0391
280.8861 -379.5841 -0.0391
22.2420 -422.1063 0.0078
248.1145 -379.0395 0.0469
271.7464 -370.1972 0.0078
271.9712 -387.6175 0.0156
9.8769 -368.3662 0.0547
270.0128 -394.9652 0.0000
302.1788 -411.9883 0.0000
10.7023 -353.7657 0.0469
209.1593 -359.5066 -0.0781
42.0383 -376.7085 -0.0781
359.4166 -362.4426 -0.0391
26.0694 -351.7562 0.0000
369.6462 -377.0156 0.0078
232.7336 -358.4344 0.0312
30.6116 -354.8367 -0.0234
193.9853 -372.8160 -0.0234
452.8051 -364.6542 -0.0078
196.7091 -376.4003 0.0234
348.1257 -376.5853 -0.0078
14.7640 -354.5788 0.0391
224.3041 -389.8896 0.0000
15.6460 -411.0676 0.0469
349.1531 -341.4223 0.0703
169.4105 -436.5945 0.0234
26.3693 -386.6871 0.0234
479.4068 -343.4573 0.0703
127.8222 -401.6535 -0.0391
8.6882 -393.9668 -0.0391
442.4402 -381.1500 0.0391
256.0039 -405.7613 0.0234
344.1879 -422.0361 0.0078
4.6779 -358.8140 0.0391
332.6880 -392.1826 0.0781
286.9284 -393.5321 0.0938
21.4189 -338.7981 0.1406
283.7958 -374.5329 -0.0312
256.6281 -395.1628 0.0078
8.7144 -361.5326 0.0234
8.2683 -423.9759 -0.0156
111.1037 -423.7160 -0.0156
426.7588 -401.9070 0.0469
174.4189 -353.6290 -0.0156
30.9698 -336.4110 -0.0391
473.0665 -364.4222 0.0234
261.9845 -404.2073 -0.0078
274.1658 -425.6546 0.0078
5.4225 -374.3966 0.0469
246.3903 -370.3880 0.0469
285.8315 -405.4199 0.0312
20.3685 -365.2431 0.0938
231.7353 -358.0720 -0.0469
402.5799 -367.1458 -0.0234
40.7677 -333.6270 0.0078
250.9762 -371.2411 0.0156
367.4533 -393.1884 -0.0234
9.6773 -323.1465 -0.0234
213.8141 -366.5729 0.0234
15.5601 -420.1480 0.0078
341.5874 -365.8809 0.0547
149.7896 -381.3955 0.0156
32.4485 -352.3043 -0.0078
472.6863 -349.5149 0.0391
322.8206 -350.6111 -0.0078
30.0502 -342.4611 0.0000
375.9610 -307.1226 0.0156
76.7358 -387.1851 -0.0469
19.5145 -386.8733 -0.0547
414.3689 -366.5413 0.0312
288.8504 -377.7786 -0.0469
23.0834 -393.9512 -0.0312
287.4808 -364.1445 0.0234
220.7118 -337.4481 -0.0156
280.1372 -360.8604 0.0234
45.9922 -345.5792 0.0781
21.3250 -381.5823 -0.0469
279.6084 -401.2265 -0.0312
218.0390 -378.1891 -0.0156
205.0380 -392.8089 0.0078
400.0254 -396.0379 -0.0234
25.7566 -368.9922 0.0234
36.5696 -404.1879 -0.0391
153.2426 -378.7351 0.0000
366.4215 -360.2406 -0.0312
141.8840 -413.5673 -0.0078
13.3623 -386.2785 -0.0078
449.6814 -360.4031 0.0781
170.2032 -395.0231 0.0547
15.4035 -381.9226 0.0156
434.5911 -367.8267 0.0469
14.4001 -384.4586 -0.0391
341.0955 -385.3850 -0.0469
276.7897 -390.6285 -0.0078
327.5034 -380.6430 -0.0625
24.8893 -371.8429 -0.0312
357.8500 -350.9415 0.0234
39.7301 -390.2553 0.0234
252.1373 -402.1091 0.0234
236.2476 -355.1718 0.0938
110.8028 -414.7331 0.0078
5.6770 -389.2723 0.0000
430.3672 -349.7353 0.0703
26.2589 -376.4467 0.0234
101.2212 -358.2558 0.0312
410.7893 -324.5238 0.0703
234.6283 -368.1869 0.0000
386.9589 -352.9571 0.0391
16.5533 -305.4140 0.0312
228.5111 -367.4945 -0.0469
22.1427 -394.6064 -0.0234
295.0929 -404.0174 0.0625
27.6351 -380.4354 0.0078
98.3475 -395.9635 0.0625
417.7409 -356.5808 0.0781
10.7187 -396.5215 0.0000
194.2964 -378.2270 -0.0625
425.5266 -377.6803 0.0000
16.3738 -413.4278 0.0000
107.6954 -380.7469 -0.0156
420.0321 -383.4321 0.0156
26.6712 -397.4570 0.0469
118.1965 -386.6104 0.0469
451.7652 -347.4921 0.0859
5.0773 -378.3618 -0.0156
274.8596 -391.2495 -0.0312
267.4717 -357.9137 0.0391
28.2676 -423.8882 0.0781
135.3210 -435.0026 0.0469
365.4119 -379.1287 0.0469
15.4510 -346.3073 -0.0703
296.2511 -400.0618 -0.0625
168.1462 -324.2132 -0.0156
5.1398 -392.2217 0.0625
131.3478 -382.5184 0.0234
426.1000 -334.5899 0.0938
139.8930 -419.0285 -0.0078
15.9489 -423.3755 -0.0312
428.9103 -387.9937 0.0625
263.4182 -353.7430 -0.0312
330.1149 -372.7855 -0.0469
18.3675 -350.9437 0.0156
122.2491 -412.0815 0.0000
14.6685 -380.9847 0.0000
464.7055 -372.4148 0.0469
167.6048 -359.1993 -0.0859
0.0000 -347.9520 -0.0781
480.7014 -351.3921 -0.0078
149.6406 -388.6919 -0.0938
14.1730 -399.4397 -0.0703
509.5789 -376.6561 -0.0234
151.3831 -392.9522 -0.0156
24.2645 -347.6627 -0.0078
495.9901 -365.0041 0.0312
138.2984 -406.1480 -0.0547
26.0614 -398.5358 -0.0547
427.5862 -362.4144 0.0625
270.1172 -402.6850 0.0156
25.5120 -414.4501 -0.0078
359.2802 -400.4581 0.0547
113.3225 -391.9871 0.0625
28.2685 -356.9046 0.0078
517.0801 -368.4393 0.0547
18.7997 -375.9601 0.0000
177.9602 -369.5079 0.0156
449.1612 -383.1046 0.0469
39.2198 -365.7711 0.0234
156.8201 -379.8546 0.0781
451.4611 -340.3446 0.0625
341.7634 -333.6308 0.0312
37.0151 -321.1319 0.0078
367.2862 -332.8392 0.0547
274.9587 -368.4580 -0.0391
287.5447 -400.4934 0.0312
14.2836 -338.9307 0.0391
15.9616 -392.2453 -0.0078
294.7906 -388.2488 -0.0312
228.6777 -348.1131 0.0547
15.4320 -371.5814 0.0625
276.6115 -387.0880 0.0469
170.4191 -358.4799 0.0859
270.5808 -396.2909 -0.0312
34.4431 -369.4868 -0.0781
346.5280 -327.7510 0.0312
22.2725 -378.8840 -0.0312
180.0843 -369.6611 -0.0234
459.8663 -350.5949 0.0078
301.6837 -373.0469 0.0312
323.6018 -401.7613 0.0156
21.2538 -337.4132 0.0703
0.0000 -389.2098 -0.0312
154.9210 -393.9904 -0.0391
408.9159 -318.5470 -0.0234
180.5369 -380.8078 0.0000
19.0606 -362.7858 -0.0078
555.2635 -375.5140 0.0703
248.9358 -394.5858 0.0078
372.6358 -392.5122 -0.0078
27.2832 -344.1699 0.0312
152.2446 -394.2520 0.0000
16.1590 -385.1217 0.0078
463.5870 -349.0953 0.0625
221.9306 -365.6030 0.0234
286.6170 -396.1759 0.0391
14.0323 -359.4895 0.0938
29.1627 -400.1697 0.0625
121.1697 -407.0149 0.0000
363.0525 -384.1014 0.0781
241.5947 -338.2649 0.0859
321.5343 -385.6135 0.0781
28.1428 -293.8580 0.1250
245.4634 -374.6852 -0.0547
37.3198 -378.5008 -0.0625
393.2598 -327.4491 -0.0156
236.6716 -369.6926 0.0234
301.2502 -420.9309 0.0078
5.8777 -346.6196 0.0547
274.4996 -363.8236 -0.0391
341.5620 -379.1217 -0.0469
22.9199 -350.4433 0.0547
24.3181 -380.6098 -0.0312
171.8511 -366.9323 -0.0234
292.4221 -371.2745 0.0156
24.1283 -337.2658 -0.0312
331.1159 -376.9835 -0.0312
278.3666 -363.4978 -0.0312
240.8221 -401.5994 -0.0234
27.9470 -403.1700 -0.0078
317.6543 -349.6035 0.0703
103.7876 -410.3768 0.0312
29.0729 -407.3002 0.0000
478.9655 -378.0622 0.1016
16.0135 -391.1120 0.0156
320.0888 -405.6866 -0.0469
214.1461 -375.7018 0.0312
169.1410 -377.1532 0.0234
313.0043 -404.5740 0.0156
22.0773 -344.2323 0.0938
291.8241 -408.2653 0.0781
279.6422 -437.2024 0.0469
20.4830 -368.2986 0.0859
47.8018 -368.2161 0.0000
327.8901 -347.0966 -0.0312
273.3153 -338.1843 0.0391
299.4172 -414.2492 0.0234
14.1543 -413.5594 0.0234
318.8109 -357.5940 0.0391
125.2124 -389.3385 0.0000
17.4138 -383.4518 0.0156
520.5065 -381.8114 0.0703
207.1682 -424.9547 0.0078
320.4260 -403.1596 0.0469
11.7305 -377.7850 0.0547
10.3300 -412.8136 0.0078
291.6842 -387.7022 -0.0625
227.8849 -394.8968 0.0547
242.5294 -354.7096 -0.0391
343.0139 -398.4992 0.0156
30.8334 -335.8600 0.0547
253.4593 -365.3197 -0.0156
315.6682 -411.3004 0.0625
10.3548 -361.1020 0.0625
239.8630 -391.9320 -0.0156
19.3239 -392.5424 -0.0156
353.6284 -359.6315 0.0000
14.1238 -368.4847 -0.0547
248.8649 -406.2566 -0.0547
190.1322 -367.6911 0.0234
8.8940 -394.1730 -0.0312
146.8246 -362.9006 -0.0469
413.1866 -347.8198 -0.0156
206.4432 -376.9640 0.0625
338.5766 -398.9182 0.0391
10.1022 -354.6960 0.0859
118.3363 -396.8923 -0.0234
11.3638 -379.8390 -0.0469
483.1808 -335.0390 0.0156
272.7335 -423.7364 0.0547
31.8273 -438.8136 0.0234
336.8577 -395.0338 0.0938
46.3429 -366.8583 -0.0156
314.9169 -364.5727 -0.0781
267.5680 -375.1202 0.0000
273.6101 -346.3159 0.0234
306.2766 -392.4534 0.0078
33.3150 -323.4709 0.0625
158.2160 -409.6636 -0.0234
23.2593 -375.0659 -0.0312
481.3337 -339.3006 0.0156
119.6045 -384.6214 -0.0859
16.1135 -379.4107 -0.0781
436.0184 -371.7053 0.0078
201.9864 -403.5658 -0.0312
44.6136 -394.2351 -0.0156
312.9600 -363.5478 0.0312
308.6820 -408.1938 0.0156
33.9735 -408.3743 0.0078
298.9257 -394.3874 0.0781
189.3652 -368.3144 0.0000
417.0835 -389.8317 -0.0547
9.8660 -382.0840 0.0078
14.7440 -397.8480 0.0469
315.1846 -380.8899 0.0078
257.5247 -416.7167 0.0781
367.7601 -342.3237 -0.0391
250.1259 -338.2508 0.0078
11.3293 -315.8713 0.0234
249.8928 -405.9593 0.0469
297.1210 -445.4375 0.0234
9.6848 -382.0785 0.0859
191.9194 -395.3300 0.0625
285.5424 -417.7367 0.0391
10.7398 -386.6996 0.0859
15.4507 -407.0582 -0.0156
175.1772 -376.3801 -0.0469
359.6343 -369.1512 0.0312
16.2163 -388.3645 0.0234
235.9442 -413.8754 0.0312
209.3969 -347.6010 0.0703
5.1449 -376.0824 -0.0234
140.8439 -347.4443 -0.0547
381.0980 -337.8487 -0.0234
24.3340 -378.7324 -0.0391
164.0845 -368.6000 -0.0625
410.3657 -338.7169 -0.0156
19.4725 -332.3557 -0.0469
256.9494 -342.1418 -0.0391
198.1190 -316.3238 0.0078
231.1929 -341.7962 0.0000
326.4678 -368.2277 0.0000
32.3765 -318.5912 0.0391
260.7810 -389.3960 -0.0312
33.2820 -388.9525 -0.0391
301.7024 -370.0627 0.0156
22.9068 -383.3236 0.0078
171.6321 -369.3526 -0.0156
373.3425 -357.2481 0.0391
287.7267 -402.8287 -0.0312
12.8477 -382.2121 -0.0469
319.1646 -318.1557 0.0234
231.4055 -362.8613 0.0156
290.8421 -406.3545 0.0781
17.4213 -350.2222 0.0703
288.2929 -370.0738 -0.0547
31.7003 -372.7672 -0.0156
301.9245 -334.8041 0.0078
225.2136 -423.2192 0.0234
4.4023 -431.1392 0.0234
354.6783 -376.5937 0.0703
15.1378 -379.6664 0.0078
268.9579 -431.1456 -0.0234
294.4238 -366.9341 0.0391
172.7112 -426.1012 0.0000
16.9477 -366.4630 -0.0312
420.7451 -351.3586 0.0547
303.3628 -368.7345 0.0078
25.3769 -381.4753 -0.0156
289.8405 -372.6413 0.0391
132.9324 -407.5682 -0.0391
18.6465 -390.7516 -0.0156
407.9920 -354.9063 0.0312
9.5739 -367.6789 0.0078
294.4201 -393.6964 -0.0312
202.2604 -351.7712 0.0000
264.6320 -387.4524 0.0391
267.7071 -423.8252 0.0938
8.6856 -376.4067 0.1250
183.7477 -387.9250 0.0078
359.7110 -383.7516 -0.0391
29.6960 -378.3419 0.0469
25.5988 -421.5705 0.0312
172.4707 -400.6462 -0.0234
414.9966 -382.9083 0.0391
232.2572 -383.8316 -0.0469
10.8892 -390.9088 -0.0312
369.3662 -366.1697 0.0156
209.2297 -358.9739 0.0234
426.0270 -362.7565 0.0078
12.4491 -343.2278 -0.0234
106.5222 -398.3910 -0.0234
9.3731 -392.4772 -0.0234
454.3847 -374.1602 0.0859
242.8078 -378.0509 0.0234
354.2875 -401.1980 0.0391
21.2924 -348.2071 0.0547
0.0000 -392.3469 -0.0391
123.4298 -376.1397 -0.0469
435.2502 -375.5650 0.0156
148.8116 -373.3559 -0.0859
22.4821 -368.2804 -0.0859
421.1537 -363.6345 0.0000
17.6195 -442.4397 0.0000
173.1710 -402.1743 0.0078
377.6442 -382.1994 0.0156
14.3929 -407.9973 0.0312
124.1802 -411.1115 0.0312
419.1502 -361.1739 0.0391
256.9746 -382.3777 0.0391
21.1931 -424.4130 0.0156
374.9726 -385.1896 0.0703
16.9377 -396.5059 0.0234
278.4152 -390.6238 -0.0156
174.8114 -381.3610 0.0781
213.5589 -382.8315 -0.0078
383.3478 -402.8165 0.0234
37.2920 -352.9973 -0.0078
267.5768 -373.4815 0.0000
295.6951 -381.2396 -0.0156
5.4225 -358.9494 0.0156
211.5069 -385.9948 -0.0156
339.6696 -363.5861 -0.0234
7.3691 -354.7428 0.0234
21.5217 -386.6427 0.0078
179.3525 -366.8476 -0.0156
420.5284 -391.3699 0.0391
248.3044 -353.0233 -0.0391
385.5348 -390.9468 -0.0078
32.3635 -340.9587 0.0391
206.4653 -391.6824 0.0234
349.2174 -417.7608 0.0469
11.4145 -369.3647 0.0625
272.7318 -391.9467 0.0234
331.1971 -382.2041 0.0469
16.5349 -350.5474 0.0625
4.5935 -402.0218 0.0391
274.4866 -424.6730 0.0391
238.5225 -376.5815 0.0625
155.0110 -380.8597 -0.0078
23.6010 -352.9475 -0.0234
536.0366 -315.6702 0.0234
102.2050 -398.1206 0.0312
3.5394 -359.3226 0.0078
510.3141 -355.1371 0.0859
142.1655 -384.6290 -0.0312
37.9203 -369.5561 -0.0234
416.1102 -371.5388 0.0312
34.1653 -389.3119 0.0469
162.5916 -375.5864 0.0312
352.8218 -384.8169 0.0859
258.2869 -414.1114 0.0078
17.3927 -391.1822 -0.0312
386.0874 -327.4126 0.0703
5.5541 -394.0829 0.0469
287.0776 -408.5813 0.0156
252.5124 -390.4592 0.0625
281.7465 -394.3176 0.0234
270.7086 -400.3129 0.0234
11.2752 -367.5557 0.0703
10.9846 -375.5513 0.0078
325.5993 -390.6819 -0.0391
215.1016 -379.0448 0.0312
184.8529 -367.1004 -0.0312
8.1130 -366.5673 -0.0156
469.7016 -364.3021 -0.0156
306.7592 -370.8824 -0.0391
16.8535 -349.3489 -0.0469
390.9893 -337.0807 -0.0156
277.8388 -347.2716 0.0000
324.7221 -386.5468 -0.0312
11.6606 -363.3032 0.0156
11.3158 -390.6180 0.0156
132.2959 -382.7647 0.0312
352.5790 -372.3603 0.0547
136.3950 -389.8538 -0.0781
12.6929 -366.9081 -0.0547
417.4929 -312.9176 0.0469
298.2029 -375.9735 0.0859
348.1976 -384.0423 0.0156
10.7398 -346.3357 0.1016
244.9494 -358.2910 0.0078
408.2916 -370.9297 0.0312
10.2727 -302.0661 0.0312
11.8871 -378.7715 0.0234
313.9121 -386.0193 0.0078
226.6493 -392.3010 0.0469
260.0149 -371.2321 0.0547
342.0562 -431.1942 0.0469
15.9799 -366.7071 0.0781
224.0614 -408.6193 -0.0234
5.6605 -426.0544 0.0078
349.6854 -324.8491 0.0391
294.4315 -407.7493 0.0469
280.5791 -398.5694 -0.0078
12.2879 -393.8646 0.0703
166.8024 -413.4942 0.0000
25.6591 -404.8124 0.0234
373.8206 -324.9266 0.0312
262.7535 -395.4422 0.0547
257.5319 -421.0900 0.0703
16.1482 -359.1209 0.1094
210.1646 -385.6538 0.0625
257.6826 -406.6205 0.0547
0.0000 -393.2636 0.0625
119.4499 -407.4149 0.0859
32.9389 -378.5556 0.0547
436.9051 -352.7018 0.0938
307.7275 -388.5008 -0.0156
316.2920 -403.1948 -0.0391
41.3023 -342.6951 0.0000
16.4865 -395.7953 0.0078
274.5192 -354.1242 -0.0391
245.8981 -364.2007 0.0391
39.4113 -395.2558 -0.0547
112.5419 -402.5793 -0.0469
413.6667 -363.5685 0.0312
281.6026 -379.0866 0.0078
247.7677 -395.6403 0.0391
4.6749 -366.1647 0.0391
333.5736 -375.3352 -0.0156
311.7973 -395.0543 0.0156
20.6315 -329.9633 0.0625
24.2334 -383.9377 0.0156
296.1238 -410.8368 0.0078
260.9524 -370.1327 0.0625
254.8180 -414.5978 0.0391
310.7511 -406.6828 0.0469
8.9243 -354.8225 0.0625
234.1847 -379.5370 0.0625
327.7747 -400.5590 0.0625
5.8528 -356.1734 0.1016
126.2490 -391.0499 -0.0234
5.6605 -370.5766 -0.0391
410.6927 -334.0036 0.0156
267.3469 -399.0330 0.0312
42.0774 -392.8546 0.0469
325.8643 -372.5855 0.0703
209.1368 -382.7583 0.0078
364.3081 -368.5473 0.0547
22.3133 -332.3892 0.0703
313.7022 -390.7897 0.0000
34.5965 -389.7825 -0.0234
340.5227 -363.6781 0.0312
214.0712 -394.4498 -0.0156
334.6786 -395.5236 -0.0547
0.0000 -385.3027 0.0078
36.0185 -376.6378 0.0156
280.9500 -389.1205 -0.0391
223.0449 -338.5215 0.0469
142.2974 -391.6741 -0.0312
35.8204 -352.2154 -0.0781
472.2824 -347.7486 0.0078
182.9327 -408.6705 0.0078
20.1386 -418.4604 0.0234
422.6982 -412.9485 0.0391
237.7121 -399.9256 0.0000
320.5120 -395.4309 -0.0156
28.7481 -366.8117 0.0234
263.9414 -364.8958 -0.0391
320.1844 -379.2080 -0.0625
34.5053 -358.7511 0.0078
18.4895 -352.5101 -0.0469
296.0525 -377.4725 -0.0625
210.5045 -322.0804 -0.0312
295.0255 -367.2407 0.0078
244.2770 -433.2808 0.0312
9.9112 -381.6300 0.0703
279.5542 -374.6208 0.0312
240.2536 -405.3252 0.0703
33.7643 -355.7563 0.0703
21.2215 -371.9186 0.0312
295.2215 -403.7973 0.0000
252.1968 -376.7078 0.0703
146.1983 -391.3466 -0.0625
22.7487 -397.1950 -0.0625
458.6050 -372.3241 0.0625
277.4991 -371.3298 0.0391
271.7927 -400.2260 0.0625
10.4365 -351.6577 0.0703
10.3089 -380.6534 0.0156
283.9155 -386.6868 0.0078
196.0261 -346.4447 0.0703
21.1121 -384.4892 0.0391
334.9686 -387.8113 -0.0156
237.0629 -367.8095 0.0547
260.8173 -413.6016 0.0547
26.7685 -393.7060 0.0312
332.1736 -371.9708 0.0781
202.7449 -393.9080 -0.0312
28.0755 -398.8835 -0.0078
396.4656 -348.0090 0.0469
289.5137 -394.4487 0.0078
278.7626 -400.3277 0.0312
17.2749 -352.1073 0.0781
122.1311 -362.3787 -0.0469
14.6807 -366.2263 -0.0234
477.7136 -394.0833 -0.0078
269.5118 -374.9215 -0.0156
301.7484 -368.7140 0.0234
2.9097 -349.2393 0.0391
309.2175 -363.7708 0.0156
316.6284 -386.4138 0.0234
23.1377 -320.4296 0.1016
194.3681 -398.7981 0.0547
354.5878 -388.6755 0.0547
12.2630 -368.1655 0.1016
271.1667 -398.1963 0.0000
273.2405 -395.9636 0.0156
32.0361 -340.1804 0.0703
257.9174 -394.7900 -0.0156
20.4922 -413.4267 -0.0078
288.1156 -365.6733 0.0234
278.7751 -387.0860 -0.0625
22.3662 -389.8001 -0.0703
312.5615 -353.5406 0.0000
270.1045 -390.8190 0.0312
339.0761 -418.5793 -0.0078
11.1577 -352.2933 0.0703
284.5060 -386.1019 0.0234
5.8565 -397.9316 0.0156
345.1254 -351.1914 0.0781
238.7120 -386.9631 0.0469
288.8382 -402.5841 0.0703
14.0401 -324.2518 0.0625
232.1202 -389.9002 -0.0078
32.8954 -367.1936 -0.0391
389.3803 -353.3708 0.0312
228.3501 -372.5148 0.0469
339.5559 -417.4580 0.0234
26.5308 -332.5920 0.0781
219.1679 -381.4998 0.0000
331.6344 -384.0902 0.0156
8.7433 -342.4620 0.0156
241.8425 -379.2104 0.0234
352.0768 -383.7538 0.0312
10.4157 -348.5443 0.0625
16.5675 -354.8863 -0.0312
337.0211 -364.8543 -0.0234
203.6275 -355.2528 -0.0078
257.1629 -393.3176 -0.0234
21.3119 -386.5007 -0.0391
351.7773 -345.7281 0.0391
217.7687 -371.8649 0.0234
314.2144 -374.5167 -0.0234
46.9042 -353.1379 0.0625
32.7061 -393.2633 -0.0078
338.7281 -369.1749 -0.0156
235.9884 -365.7051 0.0000
41.1843 -375.3345 0.0078
232.9781 -384.2997 0.0078
223.4606 -383.6846 0.0781
158.6109 -395.2004 -0.0469
42.6349 -385.8003 -0.0547
509.2774 -364.3081 0.0078
283.4069 -367.9451 -0.0078
39.8046 -390.8872 0.0156
379.2822 -377.7506 0.0703
9.6667 -402.5753 -0.0234
123.8570 -392.4277 -0.0312
401.4067 -397.0757 0.0547
192.8589 -371.5641 0.0625
313.2391 -387.2406 0.0781
23.8486 -316.1857 0.0781
236.4242 -392.3985 0.0625
302.8461 -413.3479 0.0547
16.0264 -379.8964 0.0703
256.8283 -398.7733 0.0000
26.8410 -407.4428 -0.0625
355.8021 -335.9427 0.0156
209.4516 -387.3051 0.0312
301.4661 -405.1724 0.0781
9.8108 -350.6148 0.0703
83.8074 -405.6529 0.0000
13.8553 -408.5034 -0.0391
436.9738 -402.5326 0.0703
4.1419 -383.0812 -0.0547
124.5870 -385.5860 -0.0234
373.4761 -349.8670 0.0234
198.0216 -401.5241 0.0469
361.0686 -377.8941 0.0000
17.2557 -356.6138 0.0547
252.3622 -381.3057 -0.0781
35.1513 -387.0990 -0.0312
322.3320 -348.7372 0.0469
20.8201 -407.4645 0.0859
306.3434 -353.8723 0.0234
239.4042 -355.9547 0.0859
243.1639 -374.5989 0.0078
313.2023 -393.4385 0.0156
11.8916 -363.8482 0.0234
253.4831 -362.2628 -0.0469
21.9022 -360.7731 -0.0547
385.6214 -360.4492 0.0000
6.4309 -396.0075 -0.0156
134.5741 -366.1002 -0.0391
411.6529 -336.7002 0.0391
234.0502 -366.1412 0.0156
302.5070 -381.9555 0.0156
8.0579 -359.1267 0.0469
280.0937 -397.1860 -0.0234
22.1283 -400.4966 0.0078
312.5301 -371.0319 0.0703
35.5713 -396.2819 -0.0078
132.7126 -378.3726 -0.0547
365.8612 -358.4143 0.0391
330.5310 -332.7471 -0.0078
277.3500 -405.9092 0.0078
34.5101 -319.5498 0.0391
262.6918 -390.7746 0.0312
282.6881 -402.3413 -0.0078
3.9883 -370.7868 0.0625
276.6102 -392.7106 -0.0156
26.6312 -406.8530 0.0000
394.7622 -365.7215 0.0469
259.4811 -352.6687 0.0000
329.4069 -351.3764 -0.0312
9.7109 -316.3584 0.0078
287.4910 -395.4462 -0.0625
21.4854 -392.3965 -0.0234
359.7517 -352.1264 0.0000
20.3272 -371.0202 -0.0234
157.0183 -364.4232 0.0000
487.8659 -305.0790 0.0156
317.0526 -369.0262 0.0234
270.9077 -399.4687 0.0391
3.8819 -352.7864 0.0938
262.2707 -388.5160 0.0391
254.1860 -424.1119 0.0391
18.6312 -352.6094 0.1016
229.1041 -381.4695 0.0156
281.8506 -409.8865 -0.0156
24.3978 -354.2718 0.0625
287.6415 -387.0548 0.0312
337.3112 -372.9063 0.0156
16.7551 -347.1403 0.0547
134.8398 -405.9733 -0.0078
5.6547 -408.3645 0.0000
427.6300 -384.5239 0.0234
25.1127 -406.9323 0.0703
300.6505 -412.5187 0.0938
197.9316 -415.3340 0.0859
313.1395 -352.0049 -0.0078
268.8529 -400.3858 0.0000
29.3279 -353.6736 0.0391
32.3700 -369.3025 0.0234
261.2178 -388.8299 -0.0156
227.1340 -363.3365 0.0625
303.7284 -381.4352 -0.0156
37.1522 -371.8580 0.0234
318.5200 -378.9996 0.0781
248.3711 -355.4867 0.0000
436.1375 -396.2848 -0.0547
38.6887 -343.0079 0.0000
213.4034 -386.7350 -0.0391
37.9251 -390.0503 -0.0156
411.8441 -354.7474 0.0547
248.3648 -379.9656 -0.0547
16.4937 -392.0120 -0.0547
355.8172 -380.2093 0.0078
225.5913 -355.4747 -0.0312
5.1947 -367.8044 -0.0469
305.9951 -333.6984 0.0391
161.0970 -395.9061 -0.0078
25.8207 -384.4050 -0.0391
469.2436 -348.8104 0.0469
253.9746 -387.7597 0.0312
316.5136 -394.6086 0.0078
23.2858 -357.6607 0.0859
83.7334 -394.1184 -0.0078
21.1075 -377.3892 -0.0312
436.5686 -348.9384 0.0156
203.8635 -328.6983 -0.0078
369.4009 -385.1082 -0.0156
29.3004 -319.4695 0.0312
312.9840 -337.2940 0.0312
285.4992 -351.8167 0.0312
21.7809 -319.8235 0.0781
5.5541 -387.1136 -0.0391
139.5350 -383.5895 -0.0312
408.4927 -306.9418 -0.0391
278.7529 -403.6337 -0.0234
356.4193 -370.3766 -0.0078
34.8745 -336.6900 0.0703
249.4943 -340.6080 -0.0156
364.9269 -374.6264 0.0156
30.5204 -327.6636 0.0391
115.7727 -407.9776 0.0547
16.0598 -407.7130 0.0391
448.7531 -361.5951 0.0859
30.7509 -371.7552 -0.0234
151.2589 -353.8219 -0.0234
373.1267 -327.9040 0.0391
260.9615 -375.7036 -0.0625
35.2474 -366.4814 -0.0703
370.2820 -328.3266 0.0312
311.4500 -360.1100 0.0078
328.4337 -355.7646 -0.0234
34.0522 -331.7096 0.0469
313.3254 -391.8557 0.0234
321.6628 -408.5619 0.0234
12.0483 -363.2604 0.0781
21.7409 -386.0377 0.0078
306.4226 -367.3257 -0.0234
182.1149 -390.7101 0.0156
268.1607 -396.0475 0.0469
281.6744 -458.3777 0.0391
11.2752 -364.6803 0.0859
225.6011 -397.1382 0.0078
30.1663 -391.5542 0.0234
335.9249 -304.6001 0.0547
21.3832 -366.0588 0.0234
282.8674 -386.3336 -0.0234
224.1070 -369.7835 0.0625
123.3970 -420.4493 0.0234
29.0845 -373.3732 0.0234
432.3156 -350.9346 0.0547
4.2765 -403.0168 -0.0469
125.0239 -385.8490 -0.0391
395.1251 -351.5300 -0.0234
0.0000 -414.5259 0.0547
114.8642 -389.4427 0.0625
419.8336 -382.4810 0.0703
263.5141 -375.1251 0.0312
209.1622 -431.6239 0.0625
17.4213 -371.4111 0.0859
260.1167 -369.2177 0.0000
348.1004 -406.1386 0.0234
20.6866 -346.4837 0.0391
174.4000 -405.3826 -0.0391
23.2232 -388.5496 -0.0156
471.1358 -373.0347 0.0547
34.4092 -372.6590 -0.0547
310.5744 -394.4729 -0.0938
329.9009 -349.0509 0.0469
272.1626 -359.0551 -0.0391
363.0568 -341.8539 -0.0234
20.4860 -316.9078 0.0078
196.1290 -378.3722 0.0547
361.6531 -404.7761 0.0078
37.8821 -357.3558 0.0625
192.8222 -415.1960 0.0000
21.6458 -424.8461 0.0078
271.0231 -370.8207 0.0703
20.7876 -399.6413 0.0078
328.6841 -369.8894 -0.0391
211.0634 -359.9377 -0.0156
217.8756 -362.7260 0.0156
312.8235 -386.1624 0.0078
9.4952 -377.0061 0.0547
256.4310 -402.9050 0.0703
285.2034 -410.0421 0.0859
14.4100 -397.0802 0.1250
13.7658 -403.4884 -0.0156
106.7894 -388.5384 0.0078
368.1795 -350.9413 0.0078
244.1750 -368.5577 0.0312
291.4335 -426.1256 0.0703
6.4070 -367.1669 0.0938
208.8771 -404.0679 0.0156
307.5718 -371.9466 0.0156
25.0995 -355.6553 0.0312
274.9129 -375.2833 -0.0312
27.5645 -365.9056 -0.0312
353.6168 -376.2533 0.0469
166.7529 -400.0313 0.0156
28.3490 -402.1419 0.0234
489.0028 -373.8636 0.0781
20.3135 -442.0072 -0.0156
126.5751 -409.6829 -0.0156
394.5034 -332.5782 0.0078
120.6242 -426.0323 -0.0078
9.0183 -397.6695 -0.0391
441.4541 -342.6454 0.0547
10.8246 -348.7801 -0.0078
284.7614 -386.8228 -0.0391
237.4743 -368.1863 0.0391
24.5109 -400.2461 0.0156
301.2994 -380.2495 -0.0156
218.8609 -366.3565 0.0938
20.9827 -357.0498 -0.0078
265.8726 -384.9505 -0.0078
233.2377 -379.6534 0.0625
194.5425 -404.5977 -0.0469
26.9203 -362.3085 -0.0547
490.2730 -357.2646 0.0391
223.6500 -376.8066 -0.0703
32.4676 -387.1208 -0.0781
349.7048 -343.0039 -0.0156
5.2317 -382.2564 -0.0391
131.4510 -389.5278 -0.0078
348.7643 -372.6940 0.0000
261.3793 -389.8770 0.0156
301.1063 -377.0374 0.0078
9.4789 -349.2611 0.0781
298.5324 -384.1996 0.0078
25.3447 -416.6483 -0.0234
342.8848 -387.6944 0.0625
10.3309 -384.0441 0.0156
309.4902 -390.0933 0.0469
231.9754 -390.6727 0.0391
20.9623 -364.9538 -0.0156
346.7774 -365.2105 -0.0391
260.6848 -344.8202 0.0000
20.6534 -361.8703 -0.0234
147.9022 -348.9095 -0.0391
424.3427 -331.9869 0.0391
43.5984 -374.0305 -0.0078
125.0001 -348.9296 -0.0469
406.4243 -350.3010 0.0078
253.7503 -398.1701 -0.0547
22.1224 -386.7523 -0.0391
292.0086 -379.0146 0.0391
105.0093 -390.3309 -0.0312
20.7022 -382.6408 -0.0312
448.8786 -340.2389 0.0312
8.6282 -406.0311 0.0469
99.6985 -393.2752 0.0625
468.2512 -332.7137 0.0938
214.5108 -378.8739 0.0234
334.6600 -394.7932 0.0000
15.2250 -375.3685 0.0391
233.3743 -380.4305 0.0156
364.9862 -369.7912 -0.0391
16.8097 -367.8438 0.0312
20.3755 -365.9065 -0.0312
315.3329 -366.3851 -0.0469
207.3780 -355.8992 0.0234
105.3705 -424.0836 -0.0234
20.0746 -387.3904 -0.0234
491.3377 -344.8949 0.0625
19.8825 -375.4310 -0.0078
277.6380 -376.4062 -0.0469
197.6445 -352.7748 0.0156
17.4041 -394.1788 -0.0391
127.6670 -395.2002 -0.0391
363.9175 -376.2568 0.0312
11.1602 -396.8300 -0.0078
130.3085 -393.0678 0.0000
401.8724 -408.1287 0.0469
329.6389 -368.0300 0.0078
271.1336 -402.8319 0.0078
16.7973 -363.8196 0.0312
144.4396 -395.9161 -0.0469
15.7866 -378.5835 -0.0859
470.6792 -343.1532 0.0391
14.6168 -375.7156 0.0234
305.6495 -366.9418 0.0547
251.0999 -347.5359 0.0547
241.0639 -364.7187 0.0312
293.8777 -398.9744 0.0859
48.4819 -327.8139 0.0859
274.4188 -370.6725 0.0625
284.4361 -407.3509 0.0469
5.8528 -344.3081 0.0859
303.0897 -385.5700 0.0391
254.7432 -407.2369 0.0625
28.3696 -358.5855 0.0625
326.4728 -401.1894 0.0234
351.9990 -402.2881 -0.0156
21.4505 -337.4904 0.0547
17.5579 -381.5009 -0.0078
323.9625 -359.8767 -0.0312
224.7787 -367.9798 -0.0234
291.6852 -343.9958 0.0312
373.2815 -339.2940 -0.0312
20.4287 -285.1972 0.0078
270.9604 -402.5057 0.0234
370.0055 -398.0730 0.0078
20.0174 -345.4345 0.0469
16.6260 -333.0738 0.0156
385.5827 -355.0306 0.0078
220.5341 -342.3028 0.0391
287.9035 -358.7712 0.0234
277.5795 -407.7859 0.0156
15.4564 -322.5530 0.0469
231.8526 -371.9589 0.0078
282.6803 -394.6366 0.0625
19.0535 -342.3465 0.0781
297.6391 -392.8223 0.0312
233.9771 -427.3536 0.0781
10.7070 -384.6597 0.1016
142.4049 -411.5888 0.0391
36.7183 -409.1367 -0.0078
439.8907 -364.0912 0.0547
259.1278 -374.7658 -0.0156
16.1488 -378.1837 -0.0547
336.8008 -360.6140 0.0234
153.1043 -398.3809 -0.0234
10.2712 -389.4923 -0.0078
555.9556 -354.0302 0.0625
258.7343 -375.4129 0.0234
340.9076 -392.9183 0.0078
39.8299 -341.5081 0.0312
282.0935 -380.7845 0.0469
36.8452 -391.8706 0.0703
343.6904 -349.2601 0.0859
218.4538 -412.6352 0.0547
43.8342 -399.2398 0.0156
332.3137 -379.6854 0.0781
10.7695 -422.6844 -0.0312
127.3821 -409.8092 -0.0547
451.2473 -362.2638 0.0000
136.3169 -378.1147 -0.0547
44.1158 -392.7371 -0.0781
405.1305 -388.9684 0.0391
12.6620 -401.7153 0.0078
122.5953 -371.5572 -0.0078
366.2471 -351.2146 0.0156
205.1456 -366.3233 -0.0703
31.9973 -402.8549 -0.0469
389.1394 -382.0268 0.0469
233.6779 -403.3036 0.0078
21.8703 -381.1746 -0.0078
343.5678 -364.2710 0.0469
20.6894 -396.4809 -0.0547
118.8374 -386.8739 -0.0703
351.1471 -339.7240 0.0078
20.3885 -403.6675 0.0156
258.6167 -441.6534 0.0156
258.1996 -370.4672 0.0469
23.9922 -383.7438 -0.0234
157.6996 -371.5131 -0.0547
355.0118 -338.7532 0.0312
6.4143 -385.4103 -0.0703
159.1815 -366.5532 -0.0391
458.3488 -344.2046 0.0234
196.0168 -354.9435 -0.0156
312.8099 -399.5746 0.0156
11.4923 -343.9095 0.0312
32.2643 -418.6818 0.0625
146.9406 -412.0085 0.0078
344.4941 -379.1419 0.0781
17.8957 -418.9296 0.0078
134.2531 -398.4512 0.0312
407.6311 -374.5626 0.0547
255.8981 -388.5602 0.0078
27.6088 -378.6793 -0.0078
309.9995 -330.8767 0.0312
130.4144 -398.7295 -0.0156
45.9427 -337.7218 0.0078
538.7671 -379.2428 0.0312
223.3928 -398.6254 0.0234
342.7723 -404.3720 0.0312
26.7990 -373.6690 0.0625
116.8714 -429.8389 -0.0234
4.1729 -398.3644 -0.0312
440.2363 -370.4386 0.0547
238.9502 -369.9059 0.0156
286.7868 -407.3336 0.0469
0.0000 -352.6287 0.0625
49.2286 -424.1306 0.0078
112.5478 -414.8013 0.0078
340.1096 -394.1913 0.0312
13.1735 -413.5245 0.0469
135.8096 -404.9052 0.0547
391.6344 -356.3930 0.0781
5.7935 -403.8942 0.0078
301.0346 -383.1998 -0.0234
242.7303 -396.5337 0.0234
15.4727 -395.0868 0.0312
273.5451 -419.0982 0.0469
243.5534 -378.2873 0.0781
18.7612 -382.6342 -0.0234
125.0032 -390.3838 -0.0391
403.1621 -355.6015 0.0078
20.0134 -394.0173 -0.0234
147.3846 -372.7212 -0.0234
421.2242 -363.6752 0.0234
149.8055 -413.2336 0.0078
32.4489 -361.3593 -0.0312
514.7182 -384.3385 0.0781
205.9230 -347.0855 -0.0781
395.7213 -399.9825 -0.0469
22.2946 -330.4537 -0.0469
288.8369 -387.7679 0.0469
235.8664 -427.9345 0.0625
13.4147 -363.9135 0.0703
28.3853 -378.7604 0.0234
271.8909 -382.6632 -0.0234
269.5571 -364.1773 0.0312
31.7034 -378.4980 0.0000
112.3199 -365.5047 -0.0156
410.2377 -312.0817 0.0234
15.5837 -402.6216 -0.0703
116.6663 -382.1766 -0.0625
347.1149 -379.5231 0.0000
110.8176 -403.3972 0.0234
20.4298 -382.7918 -0.0156
424.0829 -334.8953 0.0625
19.3909 -372.6139 -0.0078
99.5842 -388.1799 -0.0234
410.0854 -343.9494 0.0234
294.2193 -402.4650 0.0312
266.3236 -413.9356 0.0391
8.8285 -371.5500 0.0781
210.3974 -414.6482 0.0312
0.9254 -397.3182 0.0391
315.9506 -323.7656 0.0703
206.0845 -352.0270 0.0312
350.6097 -343.6935 -0.0078
14.1500 -364.9259 0.0234
224.0538 -360.9237 0.0156
317.5744 -387.2161 0.0391
18.5591 -339.1846 0.0625
320.2505 -414.2235 -0.0156
12.2733 -415.6762 -0.0078
291.7307 -384.5462 0.0469
203.6465 -345.3242 0.0391
365.0671 -354.1709 -0.0078
19.5502 -313.1460 0.0547
20.2315 -381.5025 0.0625
142.7771 -370.6234 -0.0234
406.1924 -334.0163 0.0938
222.9707 -402.2323 0.0234
351.4376 -404.3855 0.0234
24.4275 -371.8246 0.0312
236.7301 -369.0375 0.0000
341.4500 -355.1964 0.0156
9.9245 -338.0860 0.0391
3.6490 -347.9435 -0.0391
185.9697 -377.7444 -0.0547
409.8568 -325.7180 -0.0234
0.0000 -394.9587 -0.0781
134.0392 -384.8368 -0.0703
331.0311 -369.1723 -0.0234
267.9659 -404.9875 0.0000
28.0425 -422.9976 -0.0156
306.0895 -374.0650 0.0625
212.4462 -406.4712 0.0234
307.4975 -405.5127 0.0312
0.0000 -373.5964 0.0703
41.3658 -402.3688 0.0312
258.6211 -434.8575 0.0703
229.8600 -401.6377 0.0547
268.8426 -391.2420 -0.0156
22.6854 -395.8721 -0.0391
371.5864 -370.1997 0.0312
14.8371 -365.3081 -0.0234
128.3720 -370.1390 -0.0078
438.5697 -340.1528 -0.0078
275.2155 -327.7167 0.0000
311.6435 -346.0583 -0.0391
18.6670 -321.5912 0.0312
225.0506 -392.3779 -0.0078
353.8182 -369.1431 0.0000
37.3135 -348.9852 0.0547
314.8452 -368.7419 -0.0234
336.7505 -414.8414 0.0234
35.6409 -319.4105 0.0391
259.3042 -386.0400 0.0469
327.6595 -412.6133 0.0391
10.7647 -382.6476 0.0547
154.1775 -382.1576 -0.0391
13.5306 -317.5034 -0.0391
495.6745 -341.7717 0.0234
28.9796 -353.1242 0.0234
139.2720 -365.5774 0.0000
427.0256 -366.7155 0.0312
29.3071 -366.6202 -0.0312
327.3354 -365.5481 -0.0234
204.9959 -354.3522 -0.0312
15.4955 -393.0226 -0.0078
117.2066 -389.1610 0.0000
405.9500 -399.0695 0.0703
257.9071 -398.0236 0.0234
303.1902 -462.5873 0.0156
11.7305 -383.1255 0.0547
241.4239 -341.3729 0.0312
282.3800 -411.1258 0.0234
22.0682 -326.3752 0.0312
230.2499 -363.8639 -0.0391
397.3559 -362.5479 0.0156
10.4124 -346.6771 -0.0391
10.4223 -409.2804 0.0234
141.7765 -377.8587 0.0078
440.2969 -395.7310 0.0547
50.6108 -394.2123 0.0000
162.7509 -366.6480 -0.0234
499.0733 -344.0932 0.0078
250.8412 -374.1336 0.0234
241.8466 -409.7621 0.0312
13.8946 -365.3663 0.0938
210.3949 -389.6873 -0.0312
350.8877 -396.4316 -0.0312
23.3911 -344.0854 0.0078
233.0544 -361.5849 0.0000
310.4366 -423.0744 0.0000
21.0879 -331.0804 0.0625
9.5843 -379.0384 -0.0156
156.3922 -338.7540 -0.0859
371.2667 -348.6681 0.0391
32.4296 -397.4252 -0.0078
148.4008 -389.4908 -0.0156
378.2516 -330.4738 0.0703
275.1736 -394.5716 0.0234
33.1041 -413.9138 0.0234
274.3086 -343.8069 0.0781
194.5642 -340.8014 0.0469
299.8220 -391.4502 0.0547
27.4121 -329.0993 0.0703
22.3604 -399.8157 -0.0078
134.6512 -387.5619 -0.0234
398.0593 -350.2534 0.0469
9.9548 -367.5115 -0.0234
254.9947 -395.9696 -0.0312
247.7983 -320.1627 0.0547
274.6259 -378.6122 0.0156
247.9196 -417.6605 0.0625
15.7930 -367.1529 0.0938
221.6500 -369.7924 0.0469
318.3130 -392.4818 0.0234
11.2469 -339.2257 0.0781
103.0596 -376.3882 0.0000
11.0373 -378.8578 -0.0078
541.5680 -362.0249 0.0469
260.7284 -396.2775 0.0312
22.5430 -405.5733 0.0234
382.0032 -360.6247 0.0859
283.1932 -397.2633 0.0312
20.7849 -414.5950 0.0000
337.0406 -353.2770 0.0859
216.6631 -388.7731 0.0703
346.4512 -366.4762 0.0312
47.5968 -336.5953 0.0859
174.1084 -364.2954 -0.0547
22.0072 -334.0980 -0.1016
472.0879 -326.5219 0.0000
32.0675 -423.4288 0.0547
129.3514 -404.8265 0.0391
418.3243 -408.1778 0.0703
108.5538 -387.9232 0.0156
14.4022 -387.3318 -0.0078
460.9974 -344.5396 0.0625
120.1425 -406.6390 -0.0234
15.2102 -392.1512 -0.0391
463.5756 -378.0163 0.0000
162.2933 -411.8197 0.0469
21.5618 -395.6179 0.0156
438.6803 -343.5888 0.1016
170.6251 -404.9891 0.0547
9.5554 -378.7036 0.0078
527.1789 -389.6617 0.0703
316.7068 -370.9094 0.0547
302.0353 -353.9588 0.0391
18.6534 -335.1436 0.0625
26.3175 -412.8787 -0.0156
140.7032 -398.8676 -0.0312
348.4774 -381.1523 0.0234
9.3353 -384.5310 0.0781
170.7743 -393.4014 0.0312
374.8267 -349.2251 0.0547
12.5216 -396.5217 -0.0234
93.4382 -379.7452 -0.0156
423.4480 -349.8363 0.0078
272.1945 -362.1428 -0.0234
288.4481 -391.7221 0.0469
28.6426 -332.0754 0.0781
31.4852 -415.0719 0.0000
339.6225 -375.6590 0.0000
212.1775 -385.8878 0.0234
263.3553 -393.6808 -0.0156
13.7299 -383.9683 -0.0234
349.1228 -393.7781 0.0547
272.0156 -356.8606 0.0000
292.6994 -388.0481 0.0000
27.1587 -321.9513 0.0781
31.8720 -403.8107 0.0312
289.8625 -394.0841 -0.0078
191.6362 -346.6865 0.0625
132.4148 -345.2296 -0.0469
21.6150 -340.2872 -0.0391
474.4850 -330.5461 -0.0312
36.0349 -355.6732 -0.0078
161.0045 -386.9586 0.0312
356.1972 -320.1230 0.0156
8.8075 -366.4631 0.0234
249.6749 -424.0499 0.0156
218.1686 -343.2442 0.0625
234.1619 -395.6752 -0.0391
36.7700 -404.5707 -0.0078
368.4857 -350.2654 0.0312
9.5967 -376.5192 -0.0312
144.3854 -399.6521 -0.0391
405.1836 -347.1860 0.0391
211.5283 -350.6473 0.0391
324.3024 -423.9209 0.0078
18.9436 -346.7296 0.0703
108.5672 -400.9652 -0.0547
8.1231 -380.1660 -0.0234
487.5617 -362.2945 -0.0078
270.2327 -361.5870 -0.0234
342.6577 -401.9765 0.0078
10.1763 -338.2168 0.0312
290.5170 -351.6522 -0.0234
306.2054 -398.5238 0.0156
15.6890 -313.3764 0.0312
12.8474 -390.5074 -0.0625
110.7369 -376.7175 -0.0781
432.6596 -360.2729 0.0156
267.1417 -412.5673 0.0703
296.9589 -386.3933 0.0469
4.2494 -374.2394 0.1172
35.1049 -407.8936 0.0547
130.1656 -412.1359 0.0391
413.0668 -372.8814 0.1016
33.6673 -390.0997 -0.0312
136.7134 -388.4733 -0.0391
386.4326 -373.0479 0.0156
232.2384 -390.9241 0.0078
441.5391 -390.6009 -0.0469
42.4072 -335.6947 0.0234
18.1302 -401.5156 -0.0234
156.9344 -388.0251 -0.0156
463.8294 -362.5488 0.0156
235.4005 -399.4721 -0.0078
24.1715 -405.0064 0.0156
296.6147 -351.1230 0.0703
11.5827 -415.6883 -0.0312
151.4904 -402.4546 -0.0469
326.9426 -368.8237 -0.0078
287.5608 -357.6878 -0.0156
298.4947 -400.7687 0.0078
27.4954 -357.4372 0.0312
4.7460 -397.5088 0.0234
133.5020 -392.5579 0.0156
403.4671 -357.3650 0.0391
20.1208 -396.8819 0.0625
294.6124 -401.7785 0.0625
205.8243 -393.0906 0.0547
274.4151 -385.4483 0.0156
313.3852 -353.3842 0.0547
3.8819 -323.8750 0.0859
188.4668 -345.3867 -0.0078
366.3188 -393.8934 -0.0078
47.2172 -336.3477 0.0312
4.7636 -368.5042 0.0234
112.4221 -360.4303 0.0156
437.5817 -355.2534 0.0703
248.8174 -397.9273 -0.0547
31.4330 -428.9960 -0.0234
263.2174 -358.8061 0.0234
12.5790 -382.5969 -0.0078
174.4774 -375.5728 0.0312
413.1789 -384.0655 0.0391
140.9059 -407.9380 0.0156
20.5564 -392.8755 0.0078
431.2144 -371.5837 0.0312
151.0439 -391.1787 0.0156
9.4177 -385.2972 0.0078
517.5498 -342.4972 0.0859
30.7590 -351.0973 0.0312
274.1938 -396.7840 0.0078
212.2866 -348.8794 0.0703
270.3600 -382.7744 0.0078
373.8150 -372.6766 0.0000
19.9846 -327.6434 0.0078
26.2608 -364.8709 0.0156
289.0955 -392.8607 -0.0312
225.5611 -357.7856 0.0312
20.2729 -395.7161 -0.0391
156.4987 -368.9359 -0.0391
384.1773 -347.5409 0.0625
181.7869 -387.0989 0.0156
392.1209 -405.3630 -0.0234
29.4090 -395.4160 0.0156
28.1489 -378.7457 0.0000
339.9553 -361.9753 -0.0078
236.0955 -360.9385 0.0156
247.7200 -416.8383 0.0234
11.0835 -377.6569 0.0312
346.7420 -358.3419 0.0859
15.7704 -385.5602 -0.0156
143.4360 -365.1905 -0.0391
425.5137 -355.2896 0.0078
22.7899 -378.8585 -0.0156
327.4736 -376.3092 -0.0312
214.4181 -364.4270 -0.0156
33.2968 -346.0848 0.0312
351.2387 -341.2971 0.0078
182.5823 -326.2635 0.0234
270.3260 -439.5784 0.0469
4.6863 -425.2449 0.0156
337.9906 -385.5707 0.0859
54.3729 -390.4039 -0.0312
129.8529 -414.3369 0.0156
353.4852 -337.4464 0.0469
14.8055 -390.8614 0.0469
281.8056 -358.2779 0.0078
248.2052 -399.7461 0.0391
242.2573 -389.1083 0.0000
11.0375 -360.5416 -0.0156
385.0800 -357.2371 0.0938
28.6321 -421.2616 0.0156
123.5559 -404.3143 0.0078
376.7808 -364.8919 0.0156
309.0503 -361.8914 0.0078
329.7517 -371.6695 -0.0234
12.5397 -313.1027 0.0625
5.1398 -421.2996 0.0078
157.0558 -429.6951 0.0078
374.3954 -382.5728 0.0469
266.2582 -402.7500 0.0000
49.1276 -390.2823 -0.0078
318.4740 -371.8741 0.0469
21.6169 -395.2279 0.0234
134.1051 -397.8266 0.0000
436.2724 -338.4963 0.0391
229.6599 -408.9223 -0.0312
22.6402 -398.6089 -0.0156
411.7144 -348.7117 0.0547
231.9710 -406.4559 -0.0234
41.0680 -388.9480 -0.0156
382.8597 -343.4588 0.0625
139.3284 -369.7320 0.0234
29.6160 -356.4766 -0.0078
493.4553 -343.0309 0.0234
202.1736 -382.9227 -0.0156
353.1468 -377.2324 -0.0391
29.9859 -332.0491 0.0234
10.0359 -370.4352 -0.0469
193.7927 -374.4228 -0.0391
330.9851 -389.3777 0.0156
14.3933 -349.1215 0.0000
304.4716 -377.3386 -0.0156
237.7361 -328.2857 0.0391
14.1575 -362.0074 0.0156
312.9899 -389.2783 -0.0312
250.1414 -322.7059 0.0391
217.2855 -381.3809 0.0391
324.9288 -393.3078 0.0234
4.7427 -336.7861 0.0625
261.9674 -371.0481 -0.0547
29.8384 -384.9541 -0.0469
367.5374 -367.6265 0.0312
260.9125 -403.9597 -0.0234
22.1527 -408.7578 0.0625
309.5634 -386.5394 0.0859
25.9478 -403.1878 0.0781
126.7803 -399.2371 0.0547
402.6711 -371.3536 0.0625
10.2316 -385.1710 -0.0234
146.3974 -372.1939 -0.0234
312.7334 -377.1607 0.0469
319.0643 -390.6810 0.0469
246.1485 -381.9486 0.0859
0.0000 -364.4672 0.0859
13.4697 -403.8697 0.0156
133.9903 -382.5035 0.0391
456.1362 -350.7771 0.0703
207.6776 -401.9773 -0.0078
357.1578 -389.7920 0.0312
15.2459 -363.3674 0.0312
304.5417 -360.0135 -0.0078
323.2974 -379.2383 -0.0312
14.5589 -292.2547 0.0078
283.2120 -416.9191 -0.0078
24.8112 -379.7373 -0.0391
271.3893 -346.4506 0.0312
229.2493 -371.3138 -0.0391
32.5442 -380.8636 -0.0156
360.8547 -366.0168 0.0156
164.0632 -391.0024 -0.0391
17.1942 -385.0476 -0.0312
425.2410 -363.7547 0.0391
284.4784 -375.3502 -0.0156
305.2547 -397.6723 -0.0078
9.6837 -346.7453 0.0469
266.7095 -375.6453 0.0469
234.5269 -443.9515 0.0859
8.0498 -376.7660 0.0859
298.0352 -412.2833 -0.0156
35.9621 -442.7388 0.0312
306.0025 -391.9476 0.0625
27.7618 -399.0194 0.0547
322.8709 -392.6577 0.0156
275.4401 -406.3596 0.0703
10.7499 -379.6791 -0.0312
138.6674 -391.4836 -0.0234
442.5730 -347.6808 0.0078
292.1909 -376.7920 -0.0469
37.9124 -379.0092 -0.0938
343.4161 -346.2407 0.0078
31.6703 -384.9638 0.0078
182.9559 -410.9593 0.0156
435.0081 -387.2042 0.0781
22.8258 -388.1253 0.0078
277.5261 -391.4173 -0.0078
196.9915 -406.4916 0.0703
147.5716 -408.4095 0.0156
23.3854 -383.3989 0.0078
509.1301 -353.4203 0.0547
149.4315 -386.1874 -0.0625
21.6074 -351.0093 -0.0625
491.1041 -384.8196 -0.0312
255.5647 -382.4173 0.0469
250.9437 -404.0338 0.0625
11.2752 -387.3217 0.0781
232.4820 -412.2815 0.0703
19.2411 -401.9742 0.0781
316.8328 -339.8149 0.0938
3.7881 -413.2762 -0.0547
120.2288 -397.7876 -0.0469
382.3577 -351.6023 0.0312
35.0725 -396.4972 -0.0625
135.6464 -403.6649 -0.0469
385.8393 -332.8989 0.0000
108.6735 -382.5578 -0.0312
0.0000 -355.6045 -0.0234
532.8049 -337.3579 0.0156
256.2290 -399.7589 0.0312
321.0884 -382.1721 0.0312
15.3565 -372.0396 0.1016
21.7649 -394.7584 -0.0078
159.1358 -406.6093 -0.0391
353.3500 -346.4448 0.0078
234.4720 -398.2491 0.0000
15.4041 -414.6444 0.0312
321.6822 -372.5815 0.0469
265.2964 -403.1012 0.0625
287.3071 -411.2557 0.0625
22.7418 -329.7770 0.0859
261.1494 -361.2347 0.0312
288.5859 -404.3444 0.0547
20.2218 -366.5277 0.0625
289.8906 -379.7442 -0.0078
33.2589 -391.9675 -0.0078
326.3981 -372.8394 0.0547
20.1695 -378.4475 0.0000
292.0411 -366.9061 -0.0156
217.7726 -362.8715 0.0078
295.8486 -402.8376 0.0391
313.2388 -388.3177 -0.0391
5.7348 -359.8822 0.0547
220.7388 -387.7950 0.0234
310.6272 -427.1472 0.0078
16.9075 -370.1672 0.0625
209.7101 -386.5231 -0.0156
394.1295 -414.3020 -0.0156
15.8780 -326.5696 0.0234
35.2078 -395.6797 -0.0547
128.6705 -365.1277 -0.0781
391.0449 -389.9863 -0.0234
37.8574 -384.7760 0.0234
130.2559 -414.7159 0.0391
397.8451 -366.4706 0.0781
218.9557 -389.3575 0.0625
342.0462 -403.2907 0.0547
21.3389 -369.0806 0.0703
269.6089 -365.6550 0.0547
348.3893 -389.4945 0.0625
16.2661 -330.8333 0.0859
297.1125 -363.6799 -0.0156
347.7746 -371.4867 -0.0391
11.3781 -336.8431 0.0469
249.0488 -404.1073 -0.0078
340.1157 -407.4821 0.0156
22.4329 -366.7216 0.0469
16.0041 -398.8892 -0.0312
121.6050 -398.7568 -0.0469
401.4745 -381.1217 0.0156
11.8577 -376.7447 0.0469
279.8273 -419.0705 0.0078
259.8900 -363.1091 0.0469
13.4630 -392.9280 -0.0078
145.7908 -404.7967 0.0000
432.2173 -346.1714 0.0859
276.3968 -401.8999 0.0391
302.7602 -391.3571 0.0078
13.5819 -362.8506 0.1094
221.4309 -431.5229 0.0547
5.6605 -422.8846 0.0781
335.4689 -396.9527 0.1016
210.1089 -372.1124 -0.0312
41.2323 -374.0125 -0.0547
357.2197 -353.0680 0.0156
28.3996 -394.7665 0.0156
111.3796 -401.1835 0.0000
359.8614 -398.5298 0.0391
15.7259 -437.3142 -0.0078
128.9750 -407.2355 -0.0312
416.4448 -374.6566 0.0391
41.9555 -361.7056 0.0000
301.5369 -360.0482 -0.0859
210.8226 -358.0142 0.0312
289.2794 -375.9188 -0.0078
316.5442 -378.1506 0.0078
14.7565 -347.4956 0.0469
30.3687 -394.7883 -0.0469
169.3940 -358.5701 -0.0469
401.3450 -340.6114 -0.0391
266.1789 -360.3341 0.0312
320.3142 -360.7015 -0.0156
28.2363 -352.5666 0.0469
0.0000 -380.0934 0.0469
158.3214 -350.1013 0.0156
485.5797 -360.2672 0.0781
83.7916 -425.4805 0.0078
9.9453 -397.5849 0.0156
487.7596 -347.2210 0.0859
133.1580 -393.7760 -0.0156
14.3878 -372.8841 -0.0156
490.2105 -351.8674 0.0156
286.4582 -370.1330 -0.0312
32.5500 -365.0344 -0.0391
373.5640 -357.9491 -0.0156
229.0947 -399.6243 0.0000
45.5196 -412.2724 0.0234
355.8553 -331.5855 0.0938
224.3284 -392.3585 0.0391
320.3198 -384.3620 0.0156
23.0420 -334.9241 0.0938
29.4268 -380.5208 0.0312
263.3814 -392.4584 0.0312
200.2092 -393.1411 0.0469
297.8551 -380.1262 -0.0391
24.5596 -384.8579 -0.0469
305.5911 -378.7553 -0.0156
4.4579 -404.2916 0.0156
111.2670 -408.2396 0.0078
407.9239 -367.5440 0.0547
135.9849 -405.0402 0.0000
17.4138 -363.5486 -0.0078
509.9727 -360.0170 0.0547
220.5392 -372.1813 0.0469
378.7618 -408.6918 0.0312
26.1216 -326.2461 0.0547
13.2412 -389.6734 -0.0312
115.4956 -374.8583 -0.0547
414.3089 -351.0453 0.0234
300.6420 -375.4892 -0.0078
41.7076 -390.5456 -0.0234
307.4168 -347.8261 0.0391
315.8817 -368.0153 0.0703
251.8019 -413.1989 0.0781
22.6428 -370.8388 0.0781
148.9711 -401.5877 0.0156
9.4973 -391.0074 0.0391
444.0568 -388.5150 0.0547
175.8979 -365.1561 -0.0469
28.1279 -377.4013 -0.0234
500.4799 -376.8275 0.0078
233.5480 -369.9576 0.0234
307.8288 -394.6072 0.0469
18.8399 -330.3320 0.0625
30.0823 -377.3927 -0.0469
301.4207 -367.2450 -0.0234
172.8784 -366.7055 -0.0078
24.3347 -390.8388 0.0469
330.5311 -377.8318 0.0312
244.0626 -374.8550 0.0703
217.3834 -370.1023 -0.0078
320.9598 -394.0244 0.0000
24.8825 -340.8766 0.0391
168.6356 -381.9551 -0.0312
11.7509 -365.2063 -0.0156
493.6675 -330.8607 0.0000
235.6263 -394.7920 -0.0312
23.9677 -380.5028 -0.0156
367.6924 -361.7747 0.0391
22.6944 -410.1382 0.0547
84.5772 -424.5276 0.0469
371.4952 -351.8667 0.0781
212.1781 -394.1251 0.0547
318.1883 -393.6823 0.0156
5.8777 -356.2459 0.0547
4.4579 -401.2776 -0.0078
163.8510 -394.8428 0.0078
396.1615 -395.2345 0.0469
21.0378 -390.0915 0.0547
328.5318 -380.4497 0.0703
183.1281 -406.6619 0.0859
36.7979 -385.9004 -0.0312
144.9100 -361.4385 0.0000
424.8143 -339.6153 0.0000
15.9323 -368.2080 0.0078
278.3296 -391.1114 -0.0234
243.5797 -386.1807 0.0312
269.7663 -391.1798 -0.0156
42.5984 -399.3656 -0.0156
331.4554 -404.8838 0.0547
17.8018 -405.8241 -0.0391
158.7476 -377.0988 -0.0391
380.6335 -386.0076 -0.0078
41.3063 -378.7017 -0.0234
137.1488 -379.9981 -0.0078
444.1220 -364.0679 0.0312
196.5973 -378.5458 0.0078
354.5401 -375.2404 -0.0625
9.2303 -355.7634 0.0312
292.4082 -379.3010 0.0156
270.0877 -410.0452 0.0312
24.6565 -348.9288 0.0547
31.7058 -406.0823 0.0000
240.3201 -370.2306 -0.0078
290.7143 -364.8408 0.0625
119.3818 -381.6710 -0.0703
13.5460 -389.1675 -0.0703
420.1365 -370.7102 0.0234
16.2310 -356.5889 -0.0312
271.9505 -380.1628 -0.0156
265.1343 -336.9593 0.0391
278.8293 -389.3747 0.0312
290.5419 -393.3502 0.0391
37.3152 -364.5191 0.0625
165.0715 -398.5259 -0.0391
46.1231 -347.9935 -0.0781
486.9591 -325.7056 0.0312
15.8586 -377.8480 -0.0547
320.5733 -391.0845 -0.0234
223.7811 -338.9403 0.0312
267.0861 -407.1878 -0.0469
24.1558 -390.7432 -0.0156
328.6286 -327.0224 0.0312
360.3217 -373.2744 -0.0547
330.6232 -370.9526 -0.0312
17.7196 -315.6255 -0.0078
282.8527 -383.5832 0.0000
15.9399 -380.4097 -0.0078
331.0087 -329.4685 0.0312
232.8705 -382.0311 -0.0156
360.5567 -390.3468 -0.0234
14.9452 -373.1226 -0.0156
160.3536 -388.1135 0.0156
34.4226 -401.8193 -0.0234
471.4288 -407.5198 0.0391
16.7317 -430.7734 0.0312
134.2114 -387.9597 0.0156
412.3000 -380.3869 0.0781
28.7166 -389.1756 -0.0156
118.0532 -381.7842 -0.0234
344.3965 -354.0467 0.0391
147.7090 -390.2226 -0.0156
6.3071 -367.8630 -0.0234
462.4917 -329.6686 0.0703
251.1365 -375.9255 0.0156
309.3627 -390.4062 -0.0312
13.5326 -352.3176 0.0391
240.4380 -373.3430 0.0000
27.1745 -394.2154 -0.0312
366.1131 -334.3509 0.0234
19.5724 -389.7730 -0.0859
144.6333 -415.6506 -0.0859
387.6208 -358.5612 -0.0156
157.3968 -391.3716 0.0469
15.8622 -386.8505 0.0391
492.2882 -357.8443 0.0781
244.4315 -351.1739 0.0078
380.1654 -373.4871 -0.0156
11.2469 -313.0006 0.0469
10.2161 -343.2406 0.0078
296.2985 -366.8547 -0.0078
208.2961 -319.7151 0.0547
205.2511 -410.3753 0.0156
344.3217 -379.9740 -0.0078
10.8173 -368.3465 0.0391
243.0782 -342.6706 0.0000
349.4823 -404.6252 -0.0156
3.1756 -350.4630 0.0078
235.5830 -411.2364 0.0000
357.0310 -409.8094 0.0156
15.4390 -369.3089 0.0547
144.5541 -381.1983 0.0156
14.8153 -375.9808 -0.0234
471.8346 -351.9176 0.0547
10.9129 -385.2565 -0.0078
194.7148 -379.6143 -0.0234
408.6942 -390.2319 0.0234
14.9036 -369.2390 -0.0703
301.5248 -378.4434 -0.0625
193.9143 -391.2255 0.0234
6.4309 -394.8234 -0.0703
158.5388 -396.5393 -0.0469
405.9891 -389.2288 -0.0391
223.2781 -370.9591 -0.0234
379.7504 -402.8399 -0.0391
22.2580 -358.9995 0.0156
49.7763 -371.7011 0.0703
331.4115 -376.8801 0.0234
215.1317 -341.0067 0.1250
49.3773 -373.9883 0.0391
308.6771 -397.6552 0.0391
231.9311 -346.4068 0.0859
309.7711 -385.5756 -0.0234
32.8232 -379.8576 0.0000
299.3180 -365.2783 0.0938
182.3304 -377.4348 -0.0625
10.6070 -389.2196 -0.0312
444.7836 -369.7293 0.0000
210.4367 -368.5777 -0.0781
9.4285 -373.6790 -0.0469
382.6507 -353.1898 -0.0078
283.7841 -382.3925 0.0469
341.3974 -427.0158 0.0469
8.2529 -359.7333 0.1172
30.6103 -349.9248 -0.0391
296.2783 -422.9769 -0.0156
214.9186 -378.1111 0.0312
10.9846 -366.7676 -0.0547
279.9458 -398.3224 -0.0312
254.6413 -354.3540 0.0156
242.1222 -351.8901 0.0078
324.1348 -371.6612 0.0469
31.7976 -309.7550 0.0469
190.5536 -388.9065 -0.0859
26.3445 -373.8429 -0.0781
482.4481 -343.6535 -0.0156
198.6398 -398.9383 0.0469
348.7261 -373.4336 0.0078
10.2727 -365.3807 0.0703
227.7369 -346.4823 -0.0234
287.4029 -393.9024 -0.0312
36.6758 -342.7791 -0.0234
263.7849 -406.7550 0.0156
11.6344 -399.3413 0.0234
336.5866 -390.8438 0.0625
159.5779 -358.8338 -0.0391
15.7178 -330.2462 -0.0312
486.9404 -350.5030 0.0078
18.7632 -393.4928 0.0156
104.6030 -431.1791 0.0234
392.3966 -357.9509 0.0703
278.1759 -367.9113 -0.0391
299.2756 -402.6603 -0.0391
20.7364 -349.0372 0.0078
156.1030 -392.3126 -0.0625
19.5269 -339.4775 -0.0859
521.1405 -359.6737 0.0000
243.0034 -352.1375 0.0000
383.2914 -361.4666 -0.0156
28.0387 -336.9178 0.0391
301.4830 -351.7784 0.0000
219.3380 -399.7634 0.0781
9.4571 -355.5370 0.0625
20.7198 -405.7917 -0.0156
129.4299 -366.1799 -0.0234
521.9709 -393.6724 0.0625
131.7724 -404.8700 -0.0156
29.4276 -375.9772 -0.0234
441.5348 -374.4715 0.0391
19.8214 -422.0012 0.0000
159.2860 -390.9296 -0.0156
402.6734 -393.9188 0.0547
120.5513 -389.0929 0.0078
11.6875 -369.6385 0.0078
529.6552 -366.1127 0.0234
270.4531 -417.7465 0.0156
41.7951 -397.2057 0.0391
319.6196 -392.1133 0.0781
261.9232 -402.3177 0.0156
18.6088 -434.0174 0.0156
308.2126 -383.2539 0.0391
131.8449 -411.2324 0.0312
20.9933 -382.1008 0.0234
473.1368 -388.4597 0.0625
25.7623 -366.4759 -0.0469
332.4915 -353.6132 -0.0156
205.9457 -373.1389 0.0156
17.3017 -369.5363 0.0312
334.1082 -389.0120 0.0000
205.6433 -330.9931 0.0312
10.3309 -372.6407 -0.0234
332.9805 -371.5074 -0.0625
226.2160 -383.4661 -0.0078
21.4221 -364.5467 -0.0078
190.6989 -386.0235 -0.0312
416.0516 -328.9336 -0.0156
34.1284 -390.5037 0.0156
284.8933 -385.2614 -0.0234
246.1003 -359.3489 0.0625
215.5070 -373.7475 0.0312
363.3570 -369.5908 0.0078
31.9510 -343.7704 0.0391
265.2786 -395.2846 -0.0156
29.4000 -384.5130 0.0312
287.2962 -351.4752 0.0469
275.2476 -365.3518 0.0234
282.8450 -368.9775 0.0156
6.9946 -366.7726 0.0859
127.1757 -390.3219 0.0234
6.7795 -395.3683 -0.0078
477.2908 -333.4205 0.0547
268.7957 -386.6457 0.0078
283.1968 -373.9006 -0.0078
16.2625 -356.4417 0.0391
27.8358 -370.0589 0.0312
336.2126 -365.5251 -0.0234
307.9316 -367.5179 0.0156
5.9921 -394.1548 -0.0234
99.5551 -380.9850 -0.0391
409.1022 -349.7079 -0.0156
4.5935 -380.5371 0.0312
262.2550 -366.8668 0.0156
215.1493 -381.3741 0.0547
242.2985 -381.0825 0.0078
24.0407 -390.9558 -0.0469
329.6492 -332.6512 0.0000
265.0298 -390.0256 -0.0156
26.8164 -377.1568 0.0391
342.1694 -323.6991 0.0703
0.0000 -420.0348 -0.0156
141.8084 -391.9942 0.0000
387.2075 -319.7597 0.0078
311.9229 -359.6558 0.0000
298.3723 -357.1134 0.0000
29.2169 -363.5559 0.0547
243.1916 -361.2800 0.0312
289.1072 -395.2631 0.0547
9.8519 -331.4338 0.0781
257.6507 -404.3872 -0.0391
21.2152 -373.3804 -0.0312
299.9467 -335.1396 0.0234
135.9416 -389.9974 -0.0391
24.0424 -367.7747 -0.0234
548.0314 -372.9097 -0.0156
165.7222 -383.5645 0.0078
16.1992 -366.0296 -0.0391
499.1692 -366.5457 -0.0312
22.2681 -354.8176 -0.0469
155.4851 -371.2612 -0.0234
427.2325 -372.1631 -0.0156
31.6813 -356.8458 0.0000
255.0584 -398.9785 -0.0312
278.2497 -361.1044 0.0156
32.3647 -403.7902 0.0547
276.6553 -411.6132 0.0859
214.6769 -400.2075 0.0625
324.9642 -385.0303 0.0156
258.2788 -414.7151 0.1016
0.0000 -350.4735 0.0859
264.2984 -385.1002 0.0156
323.5334 -398.2382 0.0156
33.7536 -329.5286 0.0547
243.5154 -393.1456 0.0234
32.1426 -401.5359 0.0391
311.4026 -364.3459 0.1016
285.2218 -375.7772 0.0391
243.7226 -402.2210 0.0469
21.4699 -367.9618 0.1016
208.2433 -387.3187 -0.0078
343.8329 -380.6816 0.0000
5.2363 -356.1825 0.0391
256.5768 -402.5821 -0.0469
22.1791 -399.1030 -0.0078
313.2555 -324.4478 0.0391
26.4605 -388.8589 0.0547
315.1609 -386.8448 0.0000
176.6190 -372.5281 0.0547
129.4230 -371.0359 -0.0078
5.6605 -361.5598 -0.0156
485.8545 -323.6976 0.0234
16.5234 -418.0301 0.0078
253.4363 -390.1133 0.0078
244.5581 -369.2665 0.0547
7.9301 -394.1353 -0.0312
125.2134 -381.6194 -0.0156
356.0925 -353.3596 0.0469
10.1341 -417.5948 0.0234
137.6423 -402.1709 0.0234
417.9440 -382.0190 0.0625
140.0257 -391.0684 -0.0156
18.3534 -398.9763 -0.0312
422.9534 -347.4428 0.0469
23.5335 -426.4978 0.0625
158.2638 -418.3127 0.0469
434.9846 -371.2486 0.1016
147.4691 -372.7530 -0.0469
24.3037 -369.3507 -0.0312
480.2623 -331.7799 0.0156
256.7018 -380.8298 -0.1016
10.4549 -368.1216 -0.0547
325.6070 -387.8026 -0.0391
30.5607 -376.1392 -0.0469
120.5896 -363.4250 -0.0547
316.3269 -334.4594 0.0078
287.6166 -390.0232 0.0234
241.7918 -416.5321 -0.0234
11.6125 -391.6125 0.0469
15.3809 -398.3283 -0.0156
149.2587 -383.2445 -0.0469
416.6158 -344.2438 -0.0156
224.2564 -398.5526 -0.0547
26.5868 -387.1222 -0.0156
363.8087 -325.0254 -0.0078
217.2425 -348.0307 0.0312
321.7151 -387.3149 0.0078
19.9052 -382.2565 0.0312
284.2183 -348.5568 0.0625
271.7674 -401.4872 0.0312
14.1429 -322.3152 0.0469
213.7075 -418.1665 -0.0078
20.2916 -430.4837 0.0000
336.9191 -349.4236 0.0625
165.5927 -375.0598 0.0078
365.7820 -389.3836 -0.0547
29.3786 -376.0064 0.0391
306.0418 -366.5893 -0.0625
19.5269 -336.9061 -0.0547
354.2861 -341.2891 0.0391
33.3438 -380.8174 0.0078
138.0186 -381.0751 -0.0234
392.5897 -357.1021 0.0469
267.2366 -375.2017 -0.0312
383.8463 -397.5067 -0.0156
24.2544 -347.5768 0.0391
262.4542 -364.0455 0.0078
278.1788 -403.3724 0.0078
19.5830 -338.1268 0.0859
178.5970 -382.0892 -0.0078
5.9400 -362.0424 -0.0234
517.9859 -374.2027 -0.0234
219.9990 -366.8306 0.0156
393.2593 -350.3707 -0.0234
39.9387 -359.7082 -0.0156
247.4986 -429.4187 0.0625
22.4050 -394.6070 0.0156
383.6809 -337.1883 0.0859
275.1401 -387.7999 0.0703
268.4277 -396.6015 0.0625
11.6125 -383.5442 0.0938
6.0497 -384.1788 -0.0078
307.0062 -365.6615 -0.0234
229.5741 -369.2082 0.0234
259.3959 -368.9631 -0.0547
16.0259 -373.6484 -0.0156
368.3671 -311.4153 0.0000
311.5436 -389.8767 -0.0547
27.3401 -374.0162 -0.0156
293.6114 -363.7678 0.0234
22.4377 -365.8498 -0.0469
302.9158 -394.0690 -0.0469
228.7734 -386.2080 0.0078
289.2695 -378.6687 0.0312
255.0654 -414.9464 0.0625
20.7266 -336.4133 0.0703
222.8485 -392.6836 -0.0312
365.2603 -376.6487 0.0156
11.4435 -349.0951 0.0234
120.5461 -349.6648 -0.0469
23.1749 -336.5762 -0.0391
410.7029 -340.4124 0.0078
49.9115 -394.1320 0.0156
360.3627 -390.5061 -0.0234
240.6343 -393.9365 0.0234
291.9134 -391.5137 0.0078
246.0310 -426.7657 0.0391
10.1357 -354.4169 0.0781
29.4441 -395.9443 0.0000
116.0967 -369.9600 -0.0156
361.9883 -376.0913 0.0781
17.1248 -408.4309 -0.0312
137.7529 -384.1534 -0.0391
374.1852 -350.5230 0.0234
279.2316 -386.1273 0.0156
21.5414 -374.1072 0.0234
336.5931 -344.2384 0.0859
251.8068 -397.4601 -0.0234
24.8945 -377.3669 -0.0469
362.2957 -350.6538 0.0156
287.2511 -381.1135 0.0156
266.3390 -398.0435 0.0234
16.2874 -368.7294 0.0547
255.7680 -376.9759 0.0312
287.7970 -430.4052 0.0078
20.9514 -344.8197 0.0781
129.5577 -392.1542 0.0156
9.7662 -416.0784 0.0156
409.3427 -369.1748 0.0781
15.9465 -389.0355 0.0156
100.9223 -369.5178 0.0234
399.9643 -387.0833 0.0547
253.4239 -358.8655 0.0000
279.0539 -393.9908 0.0234
13.2859 -356.6595 0.0547
32.7638 -366.8431 -0.0312
378.6382 -371.7893 -0.0312
201.3695 -352.9419 -0.0312
271.7953 -381.0876 -0.0234
21.1243 -370.6475 -0.0469
381.6892 -339.8934 0.0000
56.8479 -380.6585 0.1094
263.1713 -389.3486 0.0469
304.7892 -398.4936 0.1016
275.3757 -396.5110 -0.0469
10.7178 -384.1907 -0.0078
355.6217 -342.4332 0.0469
4.9766 -371.2081 -0.0234
154.0652 -356.5819 -0.0703
444.6441 -346.8522 0.0312
25.5155 -368.8147 0.0625
249.1273 -386.0025 0.0234
197.5111 -359.6301 0.0781
30.9128 -400.8450 -0.0234
186.3647 -349.8979 -0.0703
437.4781 -362.7660 -0.0156
130.4132 -378.1536 -0.0547
20.6527 -363.6144 -0.0625
512.4287 -342.9726 0.0000
240.5392 -375.3371 0.0469
322.3537 -386.3653 0.0312
23.8693 -339.2238 0.0938
223.8320 -406.8357 0.0234
325.5078 -404.2600 0.0391
0.0000 -421.0386 0.0312
321.4917 -386.9455 0.0156
34.3918 -375.0477 0.0156
307.0360 -381.5451 0.0625
256.3740 -391.5483 0.0156
19.8316 -371.7824 -0.0234
346.6798 -349.1263 0.0234
245.9016 -422.0320 0.0234
20.1925 -416.7591 0.0078
269.7332 -353.8382 0.1016
0.0000 -364.1635 0.0000
117.9275 -385.6386 -0.0156
475.7595 -354.7101 0.0547
26.5127 -394.4283 0.0312
289.5849 -388.3475 0.0312
281.0398 -388.4078 0.0469
19.1379 -391.6091 0.0078
233.7723 -407.9625 0.0078
233.9956 -361.6943 0.0625
248.4456 -381.5362 -0.0156
32.4886 -396.1620 -0.0391
358.1352 -332.8674 0.0312
